# Grid generated with tessgrd 1.1.1-52-gc5058b8:
#   local time: Mon Aug 11 18:13:03 2014
#   args: -r-1.5/1.5/-1.5/1.5 -b31/31 -z2220
#   grid spacing: 0.1000000000 lon / 0.1000000000 lat
#   total 961 points
-1.5 -1.5 2220
-1.4 -1.5 2220
-1.3 -1.5 2220
-1.2 -1.5 2220
-1.1 -1.5 2220
-1 -1.5 2220
-0.9 -1.5 2220
-0.8 -1.5 2220
-0.7 -1.5 2220
-0.6 -1.5 2220
-0.5 -1.5 2220
-0.4 -1.5 2220
-0.3 -1.5 2220
-0.2 -1.5 2220
-0.0999999999999998 -1.5 2220
1.94289029309402e-16 -1.5 2220
0.1 -1.5 2220
0.2 -1.5 2220
0.3 -1.5 2220
0.4 -1.5 2220
0.5 -1.5 2220
0.6 -1.5 2220
0.7 -1.5 2220
0.8 -1.5 2220
0.9 -1.5 2220
1 -1.5 2220
1.1 -1.5 2220
1.2 -1.5 2220
1.3 -1.5 2220
1.4 -1.5 2220
1.5 -1.5 2220

-1.5 -1.4 2220
-1.4 -1.4 2220
-1.3 -1.4 2220
-1.2 -1.4 2220
-1.1 -1.4 2220
-1 -1.4 2220
-0.9 -1.4 2220
-0.8 -1.4 2220
-0.7 -1.4 2220
-0.6 -1.4 2220
-0.5 -1.4 2220
-0.4 -1.4 2220
-0.3 -1.4 2220
-0.2 -1.4 2220
-0.0999999999999998 -1.4 2220
1.94289029309402e-16 -1.4 2220
0.1 -1.4 2220
0.2 -1.4 2220
0.3 -1.4 2220
0.4 -1.4 2220
0.5 -1.4 2220
0.6 -1.4 2220
0.7 -1.4 2220
0.8 -1.4 2220
0.9 -1.4 2220
1 -1.4 2220
1.1 -1.4 2220
1.2 -1.4 2220
1.3 -1.4 2220
1.4 -1.4 2220
1.5 -1.4 2220

-1.5 -1.3 2220
-1.4 -1.3 2220
-1.3 -1.3 2220
-1.2 -1.3 2220
-1.1 -1.3 2220
-1 -1.3 2220
-0.9 -1.3 2220
-0.8 -1.3 2220
-0.7 -1.3 2220
-0.6 -1.3 2220
-0.5 -1.3 2220
-0.4 -1.3 2220
-0.3 -1.3 2220
-0.2 -1.3 2220
-0.0999999999999998 -1.3 2220
1.94289029309402e-16 -1.3 2220
0.1 -1.3 2220
0.2 -1.3 2220
0.3 -1.3 2220
0.4 -1.3 2220
0.5 -1.3 2220
0.6 -1.3 2220
0.7 -1.3 2220
0.8 -1.3 2220
0.9 -1.3 2220
1 -1.3 2220
1.1 -1.3 2220
1.2 -1.3 2220
1.3 -1.3 2220
1.4 -1.3 2220
1.5 -1.3 2220

-1.5 -1.2 2220
-1.4 -1.2 2220
-1.3 -1.2 2220
-1.2 -1.2 2220
-1.1 -1.2 2220
-1 -1.2 2220
-0.9 -1.2 2220
-0.8 -1.2 2220
-0.7 -1.2 2220
-0.6 -1.2 2220
-0.5 -1.2 2220
-0.4 -1.2 2220
-0.3 -1.2 2220
-0.2 -1.2 2220
-0.0999999999999998 -1.2 2220
1.94289029309402e-16 -1.2 2220
0.1 -1.2 2220
0.2 -1.2 2220
0.3 -1.2 2220
0.4 -1.2 2220
0.5 -1.2 2220
0.6 -1.2 2220
0.7 -1.2 2220
0.8 -1.2 2220
0.9 -1.2 2220
1 -1.2 2220
1.1 -1.2 2220
1.2 -1.2 2220
1.3 -1.2 2220
1.4 -1.2 2220
1.5 -1.2 2220

-1.5 -1.1 2220
-1.4 -1.1 2220
-1.3 -1.1 2220
-1.2 -1.1 2220
-1.1 -1.1 2220
-1 -1.1 2220
-0.9 -1.1 2220
-0.8 -1.1 2220
-0.7 -1.1 2220
-0.6 -1.1 2220
-0.5 -1.1 2220
-0.4 -1.1 2220
-0.3 -1.1 2220
-0.2 -1.1 2220
-0.0999999999999998 -1.1 2220
1.94289029309402e-16 -1.1 2220
0.1 -1.1 2220
0.2 -1.1 2220
0.3 -1.1 2220
0.4 -1.1 2220
0.5 -1.1 2220
0.6 -1.1 2220
0.7 -1.1 2220
0.8 -1.1 2220
0.9 -1.1 2220
1 -1.1 2220
1.1 -1.1 2220
1.2 -1.1 2220
1.3 -1.1 2220
1.4 -1.1 2220
1.5 -1.1 2220

-1.5 -1 2220
-1.4 -1 2220
-1.3 -1 2220
-1.2 -1 2220
-1.1 -1 2220
-1 -1 2220
-0.9 -1 2220
-0.8 -1 2220
-0.7 -1 2220
-0.6 -1 2220
-0.5 -1 2220
-0.4 -1 2220
-0.3 -1 2220
-0.2 -1 2220
-0.0999999999999998 -1 2220
1.94289029309402e-16 -1 2220
0.1 -1 2220
0.2 -1 2220
0.3 -1 2220
0.4 -1 2220
0.5 -1 2220
0.6 -1 2220
0.7 -1 2220
0.8 -1 2220
0.9 -1 2220
1 -1 2220
1.1 -1 2220
1.2 -1 2220
1.3 -1 2220
1.4 -1 2220
1.5 -1 2220

-1.5 -0.9 2220
-1.4 -0.9 2220
-1.3 -0.9 2220
-1.2 -0.9 2220
-1.1 -0.9 2220
-1 -0.9 2220
-0.9 -0.9 2220
-0.8 -0.9 2220
-0.7 -0.9 2220
-0.6 -0.9 2220
-0.5 -0.9 2220
-0.4 -0.9 2220
-0.3 -0.9 2220
-0.2 -0.9 2220
-0.0999999999999998 -0.9 2220
1.94289029309402e-16 -0.9 2220
0.1 -0.9 2220
0.2 -0.9 2220
0.3 -0.9 2220
0.4 -0.9 2220
0.5 -0.9 2220
0.6 -0.9 2220
0.7 -0.9 2220
0.8 -0.9 2220
0.9 -0.9 2220
1 -0.9 2220
1.1 -0.9 2220
1.2 -0.9 2220
1.3 -0.9 2220
1.4 -0.9 2220
1.5 -0.9 2220

-1.5 -0.8 2220
-1.4 -0.8 2220
-1.3 -0.8 2220
-1.2 -0.8 2220
-1.1 -0.8 2220
-1 -0.8 2220
-0.9 -0.8 2220
-0.8 -0.8 2220
-0.7 -0.8 2220
-0.6 -0.8 2220
-0.5 -0.8 2220
-0.4 -0.8 2220
-0.3 -0.8 2220
-0.2 -0.8 2220
-0.0999999999999998 -0.8 2220
1.94289029309402e-16 -0.8 2220
0.1 -0.8 2220
0.2 -0.8 2220
0.3 -0.8 2220
0.4 -0.8 2220
0.5 -0.8 2220
0.6 -0.8 2220
0.7 -0.8 2220
0.8 -0.8 2220
0.9 -0.8 2220
1 -0.8 2220
1.1 -0.8 2220
1.2 -0.8 2220
1.3 -0.8 2220
1.4 -0.8 2220
1.5 -0.8 2220

-1.5 -0.7 2220
-1.4 -0.7 2220
-1.3 -0.7 2220
-1.2 -0.7 2220
-1.1 -0.7 2220
-1 -0.7 2220
-0.9 -0.7 2220
-0.8 -0.7 2220
-0.7 -0.7 2220
-0.6 -0.7 2220
-0.5 -0.7 2220
-0.4 -0.7 2220
-0.3 -0.7 2220
-0.2 -0.7 2220
-0.0999999999999998 -0.7 2220
1.94289029309402e-16 -0.7 2220
0.1 -0.7 2220
0.2 -0.7 2220
0.3 -0.7 2220
0.4 -0.7 2220
0.5 -0.7 2220
0.6 -0.7 2220
0.7 -0.7 2220
0.8 -0.7 2220
0.9 -0.7 2220
1 -0.7 2220
1.1 -0.7 2220
1.2 -0.7 2220
1.3 -0.7 2220
1.4 -0.7 2220
1.5 -0.7 2220

-1.5 -0.6 2220
-1.4 -0.6 2220
-1.3 -0.6 2220
-1.2 -0.6 2220
-1.1 -0.6 2220
-1 -0.6 2220
-0.9 -0.6 2220
-0.8 -0.6 2220
-0.7 -0.6 2220
-0.6 -0.6 2220
-0.5 -0.6 2220
-0.4 -0.6 2220
-0.3 -0.6 2220
-0.2 -0.6 2220
-0.0999999999999998 -0.6 2220
1.94289029309402e-16 -0.6 2220
0.1 -0.6 2220
0.2 -0.6 2220
0.3 -0.6 2220
0.4 -0.6 2220
0.5 -0.6 2220
0.6 -0.6 2220
0.7 -0.6 2220
0.8 -0.6 2220
0.9 -0.6 2220
1 -0.6 2220
1.1 -0.6 2220
1.2 -0.6 2220
1.3 -0.6 2220
1.4 -0.6 2220
1.5 -0.6 2220

-1.5 -0.5 2220
-1.4 -0.5 2220
-1.3 -0.5 2220
-1.2 -0.5 2220
-1.1 -0.5 2220
-1 -0.5 2220
-0.9 -0.5 2220
-0.8 -0.5 2220
-0.7 -0.5 2220
-0.6 -0.5 2220
-0.5 -0.5 2220
-0.4 -0.5 2220
-0.3 -0.5 2220
-0.2 -0.5 2220
-0.0999999999999998 -0.5 2220
1.94289029309402e-16 -0.5 2220
0.1 -0.5 2220
0.2 -0.5 2220
0.3 -0.5 2220
0.4 -0.5 2220
0.5 -0.5 2220
0.6 -0.5 2220
0.7 -0.5 2220
0.8 -0.5 2220
0.9 -0.5 2220
1 -0.5 2220
1.1 -0.5 2220
1.2 -0.5 2220
1.3 -0.5 2220
1.4 -0.5 2220
1.5 -0.5 2220

-1.5 -0.4 2220
-1.4 -0.4 2220
-1.3 -0.4 2220
-1.2 -0.4 2220
-1.1 -0.4 2220
-1 -0.4 2220
-0.9 -0.4 2220
-0.8 -0.4 2220
-0.7 -0.4 2220
-0.6 -0.4 2220
-0.5 -0.4 2220
-0.4 -0.4 2220
-0.3 -0.4 2220
-0.2 -0.4 2220
-0.0999999999999998 -0.4 2220
1.94289029309402e-16 -0.4 2220
0.1 -0.4 2220
0.2 -0.4 2220
0.3 -0.4 2220
0.4 -0.4 2220
0.5 -0.4 2220
0.6 -0.4 2220
0.7 -0.4 2220
0.8 -0.4 2220
0.9 -0.4 2220
1 -0.4 2220
1.1 -0.4 2220
1.2 -0.4 2220
1.3 -0.4 2220
1.4 -0.4 2220
1.5 -0.4 2220

-1.5 -0.3 2220
-1.4 -0.3 2220
-1.3 -0.3 2220
-1.2 -0.3 2220
-1.1 -0.3 2220
-1 -0.3 2220
-0.9 -0.3 2220
-0.8 -0.3 2220
-0.7 -0.3 2220
-0.6 -0.3 2220
-0.5 -0.3 2220
-0.4 -0.3 2220
-0.3 -0.3 2220
-0.2 -0.3 2220
-0.0999999999999998 -0.3 2220
1.94289029309402e-16 -0.3 2220
0.1 -0.3 2220
0.2 -0.3 2220
0.3 -0.3 2220
0.4 -0.3 2220
0.5 -0.3 2220
0.6 -0.3 2220
0.7 -0.3 2220
0.8 -0.3 2220
0.9 -0.3 2220
1 -0.3 2220
1.1 -0.3 2220
1.2 -0.3 2220
1.3 -0.3 2220
1.4 -0.3 2220
1.5 -0.3 2220

-1.5 -0.2 2220
-1.4 -0.2 2220
-1.3 -0.2 2220
-1.2 -0.2 2220
-1.1 -0.2 2220
-1 -0.2 2220
-0.9 -0.2 2220
-0.8 -0.2 2220
-0.7 -0.2 2220
-0.6 -0.2 2220
-0.5 -0.2 2220
-0.4 -0.2 2220
-0.3 -0.2 2220
-0.2 -0.2 2220
-0.0999999999999998 -0.2 2220
1.94289029309402e-16 -0.2 2220
0.1 -0.2 2220
0.2 -0.2 2220
0.3 -0.2 2220
0.4 -0.2 2220
0.5 -0.2 2220
0.6 -0.2 2220
0.7 -0.2 2220
0.8 -0.2 2220
0.9 -0.2 2220
1 -0.2 2220
1.1 -0.2 2220
1.2 -0.2 2220
1.3 -0.2 2220
1.4 -0.2 2220
1.5 -0.2 2220

-1.5 -0.0999999999999998 2220
-1.4 -0.0999999999999998 2220
-1.3 -0.0999999999999998 2220
-1.2 -0.0999999999999998 2220
-1.1 -0.0999999999999998 2220
-1 -0.0999999999999998 2220
-0.9 -0.0999999999999998 2220
-0.8 -0.0999999999999998 2220
-0.7 -0.0999999999999998 2220
-0.6 -0.0999999999999998 2220
-0.5 -0.0999999999999998 2220
-0.4 -0.0999999999999998 2220
-0.3 -0.0999999999999998 2220
-0.2 -0.0999999999999998 2220
-0.0999999999999998 -0.0999999999999998 2220
1.94289029309402e-16 -0.0999999999999998 2220
0.1 -0.0999999999999998 2220
0.2 -0.0999999999999998 2220
0.3 -0.0999999999999998 2220
0.4 -0.0999999999999998 2220
0.5 -0.0999999999999998 2220
0.6 -0.0999999999999998 2220
0.7 -0.0999999999999998 2220
0.8 -0.0999999999999998 2220
0.9 -0.0999999999999998 2220
1 -0.0999999999999998 2220
1.1 -0.0999999999999998 2220
1.2 -0.0999999999999998 2220
1.3 -0.0999999999999998 2220
1.4 -0.0999999999999998 2220
1.5 -0.0999999999999998 2220

-1.5 1.94289029309402e-16 2220
-1.4 1.94289029309402e-16 2220
-1.3 1.94289029309402e-16 2220
-1.2 1.94289029309402e-16 2220
-1.1 1.94289029309402e-16 2220
-1 1.94289029309402e-16 2220
-0.9 1.94289029309402e-16 2220
-0.8 1.94289029309402e-16 2220
-0.7 1.94289029309402e-16 2220
-0.6 1.94289029309402e-16 2220
-0.5 1.94289029309402e-16 2220
-0.4 1.94289029309402e-16 2220
-0.3 1.94289029309402e-16 2220
-0.2 1.94289029309402e-16 2220
-0.0999999999999998 1.94289029309402e-16 2220
1.94289029309402e-16 1.94289029309402e-16 2220
0.1 1.94289029309402e-16 2220
0.2 1.94289029309402e-16 2220
0.3 1.94289029309402e-16 2220
0.4 1.94289029309402e-16 2220
0.5 1.94289029309402e-16 2220
0.6 1.94289029309402e-16 2220
0.7 1.94289029309402e-16 2220
0.8 1.94289029309402e-16 2220
0.9 1.94289029309402e-16 2220
1 1.94289029309402e-16 2220
1.1 1.94289029309402e-16 2220
1.2 1.94289029309402e-16 2220
1.3 1.94289029309402e-16 2220
1.4 1.94289029309402e-16 2220
1.5 1.94289029309402e-16 2220

-1.5 0.1 2220
-1.4 0.1 2220
-1.3 0.1 2220
-1.2 0.1 2220
-1.1 0.1 2220
-1 0.1 2220
-0.9 0.1 2220
-0.8 0.1 2220
-0.7 0.1 2220
-0.6 0.1 2220
-0.5 0.1 2220
-0.4 0.1 2220
-0.3 0.1 2220
-0.2 0.1 2220
-0.0999999999999998 0.1 2220
1.94289029309402e-16 0.1 2220
0.1 0.1 2220
0.2 0.1 2220
0.3 0.1 2220
0.4 0.1 2220
0.5 0.1 2220
0.6 0.1 2220
0.7 0.1 2220
0.8 0.1 2220
0.9 0.1 2220
1 0.1 2220
1.1 0.1 2220
1.2 0.1 2220
1.3 0.1 2220
1.4 0.1 2220
1.5 0.1 2220

-1.5 0.2 2220
-1.4 0.2 2220
-1.3 0.2 2220
-1.2 0.2 2220
-1.1 0.2 2220
-1 0.2 2220
-0.9 0.2 2220
-0.8 0.2 2220
-0.7 0.2 2220
-0.6 0.2 2220
-0.5 0.2 2220
-0.4 0.2 2220
-0.3 0.2 2220
-0.2 0.2 2220
-0.0999999999999998 0.2 2220
1.94289029309402e-16 0.2 2220
0.1 0.2 2220
0.2 0.2 2220
0.3 0.2 2220
0.4 0.2 2220
0.5 0.2 2220
0.6 0.2 2220
0.7 0.2 2220
0.8 0.2 2220
0.9 0.2 2220
1 0.2 2220
1.1 0.2 2220
1.2 0.2 2220
1.3 0.2 2220
1.4 0.2 2220
1.5 0.2 2220

-1.5 0.3 2220
-1.4 0.3 2220
-1.3 0.3 2220
-1.2 0.3 2220
-1.1 0.3 2220
-1 0.3 2220
-0.9 0.3 2220
-0.8 0.3 2220
-0.7 0.3 2220
-0.6 0.3 2220
-0.5 0.3 2220
-0.4 0.3 2220
-0.3 0.3 2220
-0.2 0.3 2220
-0.0999999999999998 0.3 2220
1.94289029309402e-16 0.3 2220
0.1 0.3 2220
0.2 0.3 2220
0.3 0.3 2220
0.4 0.3 2220
0.5 0.3 2220
0.6 0.3 2220
0.7 0.3 2220
0.8 0.3 2220
0.9 0.3 2220
1 0.3 2220
1.1 0.3 2220
1.2 0.3 2220
1.3 0.3 2220
1.4 0.3 2220
1.5 0.3 2220

-1.5 0.4 2220
-1.4 0.4 2220
-1.3 0.4 2220
-1.2 0.4 2220
-1.1 0.4 2220
-1 0.4 2220
-0.9 0.4 2220
-0.8 0.4 2220
-0.7 0.4 2220
-0.6 0.4 2220
-0.5 0.4 2220
-0.4 0.4 2220
-0.3 0.4 2220
-0.2 0.4 2220
-0.0999999999999998 0.4 2220
1.94289029309402e-16 0.4 2220
0.1 0.4 2220
0.2 0.4 2220
0.3 0.4 2220
0.4 0.4 2220
0.5 0.4 2220
0.6 0.4 2220
0.7 0.4 2220
0.8 0.4 2220
0.9 0.4 2220
1 0.4 2220
1.1 0.4 2220
1.2 0.4 2220
1.3 0.4 2220
1.4 0.4 2220
1.5 0.4 2220

-1.5 0.5 2220
-1.4 0.5 2220
-1.3 0.5 2220
-1.2 0.5 2220
-1.1 0.5 2220
-1 0.5 2220
-0.9 0.5 2220
-0.8 0.5 2220
-0.7 0.5 2220
-0.6 0.5 2220
-0.5 0.5 2220
-0.4 0.5 2220
-0.3 0.5 2220
-0.2 0.5 2220
-0.0999999999999998 0.5 2220
1.94289029309402e-16 0.5 2220
0.1 0.5 2220
0.2 0.5 2220
0.3 0.5 2220
0.4 0.5 2220
0.5 0.5 2220
0.6 0.5 2220
0.7 0.5 2220
0.8 0.5 2220
0.9 0.5 2220
1 0.5 2220
1.1 0.5 2220
1.2 0.5 2220
1.3 0.5 2220
1.4 0.5 2220
1.5 0.5 2220

-1.5 0.6 2220
-1.4 0.6 2220
-1.3 0.6 2220
-1.2 0.6 2220
-1.1 0.6 2220
-1 0.6 2220
-0.9 0.6 2220
-0.8 0.6 2220
-0.7 0.6 2220
-0.6 0.6 2220
-0.5 0.6 2220
-0.4 0.6 2220
-0.3 0.6 2220
-0.2 0.6 2220
-0.0999999999999998 0.6 2220
1.94289029309402e-16 0.6 2220
0.1 0.6 2220
0.2 0.6 2220
0.3 0.6 2220
0.4 0.6 2220
0.5 0.6 2220
0.6 0.6 2220
0.7 0.6 2220
0.8 0.6 2220
0.9 0.6 2220
1 0.6 2220
1.1 0.6 2220
1.2 0.6 2220
1.3 0.6 2220
1.4 0.6 2220
1.5 0.6 2220

-1.5 0.7 2220
-1.4 0.7 2220
-1.3 0.7 2220
-1.2 0.7 2220
-1.1 0.7 2220
-1 0.7 2220
-0.9 0.7 2220
-0.8 0.7 2220
-0.7 0.7 2220
-0.6 0.7 2220
-0.5 0.7 2220
-0.4 0.7 2220
-0.3 0.7 2220
-0.2 0.7 2220
-0.0999999999999998 0.7 2220
1.94289029309402e-16 0.7 2220
0.1 0.7 2220
0.2 0.7 2220
0.3 0.7 2220
0.4 0.7 2220
0.5 0.7 2220
0.6 0.7 2220
0.7 0.7 2220
0.8 0.7 2220
0.9 0.7 2220
1 0.7 2220
1.1 0.7 2220
1.2 0.7 2220
1.3 0.7 2220
1.4 0.7 2220
1.5 0.7 2220

-1.5 0.8 2220
-1.4 0.8 2220
-1.3 0.8 2220
-1.2 0.8 2220
-1.1 0.8 2220
-1 0.8 2220
-0.9 0.8 2220
-0.8 0.8 2220
-0.7 0.8 2220
-0.6 0.8 2220
-0.5 0.8 2220
-0.4 0.8 2220
-0.3 0.8 2220
-0.2 0.8 2220
-0.0999999999999998 0.8 2220
1.94289029309402e-16 0.8 2220
0.1 0.8 2220
0.2 0.8 2220
0.3 0.8 2220
0.4 0.8 2220
0.5 0.8 2220
0.6 0.8 2220
0.7 0.8 2220
0.8 0.8 2220
0.9 0.8 2220
1 0.8 2220
1.1 0.8 2220
1.2 0.8 2220
1.3 0.8 2220
1.4 0.8 2220
1.5 0.8 2220

-1.5 0.9 2220
-1.4 0.9 2220
-1.3 0.9 2220
-1.2 0.9 2220
-1.1 0.9 2220
-1 0.9 2220
-0.9 0.9 2220
-0.8 0.9 2220
-0.7 0.9 2220
-0.6 0.9 2220
-0.5 0.9 2220
-0.4 0.9 2220
-0.3 0.9 2220
-0.2 0.9 2220
-0.0999999999999998 0.9 2220
1.94289029309402e-16 0.9 2220
0.1 0.9 2220
0.2 0.9 2220
0.3 0.9 2220
0.4 0.9 2220
0.5 0.9 2220
0.6 0.9 2220
0.7 0.9 2220
0.8 0.9 2220
0.9 0.9 2220
1 0.9 2220
1.1 0.9 2220
1.2 0.9 2220
1.3 0.9 2220
1.4 0.9 2220
1.5 0.9 2220

-1.5 1 2220
-1.4 1 2220
-1.3 1 2220
-1.2 1 2220
-1.1 1 2220
-1 1 2220
-0.9 1 2220
-0.8 1 2220
-0.7 1 2220
-0.6 1 2220
-0.5 1 2220
-0.4 1 2220
-0.3 1 2220
-0.2 1 2220
-0.0999999999999998 1 2220
1.94289029309402e-16 1 2220
0.1 1 2220
0.2 1 2220
0.3 1 2220
0.4 1 2220
0.5 1 2220
0.6 1 2220
0.7 1 2220
0.8 1 2220
0.9 1 2220
1 1 2220
1.1 1 2220
1.2 1 2220
1.3 1 2220
1.4 1 2220
1.5 1 2220

-1.5 1.1 2220
-1.4 1.1 2220
-1.3 1.1 2220
-1.2 1.1 2220
-1.1 1.1 2220
-1 1.1 2220
-0.9 1.1 2220
-0.8 1.1 2220
-0.7 1.1 2220
-0.6 1.1 2220
-0.5 1.1 2220
-0.4 1.1 2220
-0.3 1.1 2220
-0.2 1.1 2220
-0.0999999999999998 1.1 2220
1.94289029309402e-16 1.1 2220
0.1 1.1 2220
0.2 1.1 2220
0.3 1.1 2220
0.4 1.1 2220
0.5 1.1 2220
0.6 1.1 2220
0.7 1.1 2220
0.8 1.1 2220
0.9 1.1 2220
1 1.1 2220
1.1 1.1 2220
1.2 1.1 2220
1.3 1.1 2220
1.4 1.1 2220
1.5 1.1 2220

-1.5 1.2 2220
-1.4 1.2 2220
-1.3 1.2 2220
-1.2 1.2 2220
-1.1 1.2 2220
-1 1.2 2220
-0.9 1.2 2220
-0.8 1.2 2220
-0.7 1.2 2220
-0.6 1.2 2220
-0.5 1.2 2220
-0.4 1.2 2220
-0.3 1.2 2220
-0.2 1.2 2220
-0.0999999999999998 1.2 2220
1.94289029309402e-16 1.2 2220
0.1 1.2 2220
0.2 1.2 2220
0.3 1.2 2220
0.4 1.2 2220
0.5 1.2 2220
0.6 1.2 2220
0.7 1.2 2220
0.8 1.2 2220
0.9 1.2 2220
1 1.2 2220
1.1 1.2 2220
1.2 1.2 2220
1.3 1.2 2220
1.4 1.2 2220
1.5 1.2 2220

-1.5 1.3 2220
-1.4 1.3 2220
-1.3 1.3 2220
-1.2 1.3 2220
-1.1 1.3 2220
-1 1.3 2220
-0.9 1.3 2220
-0.8 1.3 2220
-0.7 1.3 2220
-0.6 1.3 2220
-0.5 1.3 2220
-0.4 1.3 2220
-0.3 1.3 2220
-0.2 1.3 2220
-0.0999999999999998 1.3 2220
1.94289029309402e-16 1.3 2220
0.1 1.3 2220
0.2 1.3 2220
0.3 1.3 2220
0.4 1.3 2220
0.5 1.3 2220
0.6 1.3 2220
0.7 1.3 2220
0.8 1.3 2220
0.9 1.3 2220
1 1.3 2220
1.1 1.3 2220
1.2 1.3 2220
1.3 1.3 2220
1.4 1.3 2220
1.5 1.3 2220

-1.5 1.4 2220
-1.4 1.4 2220
-1.3 1.4 2220
-1.2 1.4 2220
-1.1 1.4 2220
-1 1.4 2220
-0.9 1.4 2220
-0.8 1.4 2220
-0.7 1.4 2220
-0.6 1.4 2220
-0.5 1.4 2220
-0.4 1.4 2220
-0.3 1.4 2220
-0.2 1.4 2220
-0.0999999999999998 1.4 2220
1.94289029309402e-16 1.4 2220
0.1 1.4 2220
0.2 1.4 2220
0.3 1.4 2220
0.4 1.4 2220
0.5 1.4 2220
0.6 1.4 2220
0.7 1.4 2220
0.8 1.4 2220
0.9 1.4 2220
1 1.4 2220
1.1 1.4 2220
1.2 1.4 2220
1.3 1.4 2220
1.4 1.4 2220
1.5 1.4 2220

-1.5 1.5 2220
-1.4 1.5 2220
-1.3 1.5 2220
-1.2 1.5 2220
-1.1 1.5 2220
-1 1.5 2220
-0.9 1.5 2220
-0.8 1.5 2220
-0.7 1.5 2220
-0.6 1.5 2220
-0.5 1.5 2220
-0.4 1.5 2220
-0.3 1.5 2220
-0.2 1.5 2220
-0.0999999999999998 1.5 2220
1.94289029309402e-16 1.5 2220
0.1 1.5 2220
0.2 1.5 2220
0.3 1.5 2220
0.4 1.5 2220
0.5 1.5 2220
0.6 1.5 2220
0.7 1.5 2220
0.8 1.5 2220
0.9 1.5 2220
1 1.5 2220
1.1 1.5 2220
1.2 1.5 2220
1.3 1.5 2220
1.4 1.5 2220
1.5 1.5 2220
