# Grid generated with tessgrd 1.1.1:
#   local time: Thu Aug  7 10:02:13 2014
#   args: -r-0.75/0.75/-0.75/0.75 -b31/31 -z1110
#   grid spacing: 0.0500000000 lon / 0.0500000000 lat
#   total 961 points
-0.75 -0.75 1110
-0.7 -0.75 1110
-0.65 -0.75 1110
-0.6 -0.75 1110
-0.55 -0.75 1110
-0.5 -0.75 1110
-0.45 -0.75 1110
-0.4 -0.75 1110
-0.35 -0.75 1110
-0.3 -0.75 1110
-0.25 -0.75 1110
-0.2 -0.75 1110
-0.15 -0.75 1110
-0.0999999999999999 -0.75 1110
-0.0499999999999999 -0.75 1110
9.71445146547012e-17 -0.75 1110
0.0500000000000001 -0.75 1110
0.1 -0.75 1110
0.15 -0.75 1110
0.2 -0.75 1110
0.25 -0.75 1110
0.3 -0.75 1110
0.35 -0.75 1110
0.4 -0.75 1110
0.45 -0.75 1110
0.5 -0.75 1110
0.55 -0.75 1110
0.6 -0.75 1110
0.65 -0.75 1110
0.7 -0.75 1110
0.75 -0.75 1110

-0.75 -0.7 1110
-0.7 -0.7 1110
-0.65 -0.7 1110
-0.6 -0.7 1110
-0.55 -0.7 1110
-0.5 -0.7 1110
-0.45 -0.7 1110
-0.4 -0.7 1110
-0.35 -0.7 1110
-0.3 -0.7 1110
-0.25 -0.7 1110
-0.2 -0.7 1110
-0.15 -0.7 1110
-0.0999999999999999 -0.7 1110
-0.0499999999999999 -0.7 1110
9.71445146547012e-17 -0.7 1110
0.0500000000000001 -0.7 1110
0.1 -0.7 1110
0.15 -0.7 1110
0.2 -0.7 1110
0.25 -0.7 1110
0.3 -0.7 1110
0.35 -0.7 1110
0.4 -0.7 1110
0.45 -0.7 1110
0.5 -0.7 1110
0.55 -0.7 1110
0.6 -0.7 1110
0.65 -0.7 1110
0.7 -0.7 1110
0.75 -0.7 1110

-0.75 -0.65 1110
-0.7 -0.65 1110
-0.65 -0.65 1110
-0.6 -0.65 1110
-0.55 -0.65 1110
-0.5 -0.65 1110
-0.45 -0.65 1110
-0.4 -0.65 1110
-0.35 -0.65 1110
-0.3 -0.65 1110
-0.25 -0.65 1110
-0.2 -0.65 1110
-0.15 -0.65 1110
-0.0999999999999999 -0.65 1110
-0.0499999999999999 -0.65 1110
9.71445146547012e-17 -0.65 1110
0.0500000000000001 -0.65 1110
0.1 -0.65 1110
0.15 -0.65 1110
0.2 -0.65 1110
0.25 -0.65 1110
0.3 -0.65 1110
0.35 -0.65 1110
0.4 -0.65 1110
0.45 -0.65 1110
0.5 -0.65 1110
0.55 -0.65 1110
0.6 -0.65 1110
0.65 -0.65 1110
0.7 -0.65 1110
0.75 -0.65 1110

-0.75 -0.6 1110
-0.7 -0.6 1110
-0.65 -0.6 1110
-0.6 -0.6 1110
-0.55 -0.6 1110
-0.5 -0.6 1110
-0.45 -0.6 1110
-0.4 -0.6 1110
-0.35 -0.6 1110
-0.3 -0.6 1110
-0.25 -0.6 1110
-0.2 -0.6 1110
-0.15 -0.6 1110
-0.0999999999999999 -0.6 1110
-0.0499999999999999 -0.6 1110
9.71445146547012e-17 -0.6 1110
0.0500000000000001 -0.6 1110
0.1 -0.6 1110
0.15 -0.6 1110
0.2 -0.6 1110
0.25 -0.6 1110
0.3 -0.6 1110
0.35 -0.6 1110
0.4 -0.6 1110
0.45 -0.6 1110
0.5 -0.6 1110
0.55 -0.6 1110
0.6 -0.6 1110
0.65 -0.6 1110
0.7 -0.6 1110
0.75 -0.6 1110

-0.75 -0.55 1110
-0.7 -0.55 1110
-0.65 -0.55 1110
-0.6 -0.55 1110
-0.55 -0.55 1110
-0.5 -0.55 1110
-0.45 -0.55 1110
-0.4 -0.55 1110
-0.35 -0.55 1110
-0.3 -0.55 1110
-0.25 -0.55 1110
-0.2 -0.55 1110
-0.15 -0.55 1110
-0.0999999999999999 -0.55 1110
-0.0499999999999999 -0.55 1110
9.71445146547012e-17 -0.55 1110
0.0500000000000001 -0.55 1110
0.1 -0.55 1110
0.15 -0.55 1110
0.2 -0.55 1110
0.25 -0.55 1110
0.3 -0.55 1110
0.35 -0.55 1110
0.4 -0.55 1110
0.45 -0.55 1110
0.5 -0.55 1110
0.55 -0.55 1110
0.6 -0.55 1110
0.65 -0.55 1110
0.7 -0.55 1110
0.75 -0.55 1110

-0.75 -0.5 1110
-0.7 -0.5 1110
-0.65 -0.5 1110
-0.6 -0.5 1110
-0.55 -0.5 1110
-0.5 -0.5 1110
-0.45 -0.5 1110
-0.4 -0.5 1110
-0.35 -0.5 1110
-0.3 -0.5 1110
-0.25 -0.5 1110
-0.2 -0.5 1110
-0.15 -0.5 1110
-0.0999999999999999 -0.5 1110
-0.0499999999999999 -0.5 1110
9.71445146547012e-17 -0.5 1110
0.0500000000000001 -0.5 1110
0.1 -0.5 1110
0.15 -0.5 1110
0.2 -0.5 1110
0.25 -0.5 1110
0.3 -0.5 1110
0.35 -0.5 1110
0.4 -0.5 1110
0.45 -0.5 1110
0.5 -0.5 1110
0.55 -0.5 1110
0.6 -0.5 1110
0.65 -0.5 1110
0.7 -0.5 1110
0.75 -0.5 1110

-0.75 -0.45 1110
-0.7 -0.45 1110
-0.65 -0.45 1110
-0.6 -0.45 1110
-0.55 -0.45 1110
-0.5 -0.45 1110
-0.45 -0.45 1110
-0.4 -0.45 1110
-0.35 -0.45 1110
-0.3 -0.45 1110
-0.25 -0.45 1110
-0.2 -0.45 1110
-0.15 -0.45 1110
-0.0999999999999999 -0.45 1110
-0.0499999999999999 -0.45 1110
9.71445146547012e-17 -0.45 1110
0.0500000000000001 -0.45 1110
0.1 -0.45 1110
0.15 -0.45 1110
0.2 -0.45 1110
0.25 -0.45 1110
0.3 -0.45 1110
0.35 -0.45 1110
0.4 -0.45 1110
0.45 -0.45 1110
0.5 -0.45 1110
0.55 -0.45 1110
0.6 -0.45 1110
0.65 -0.45 1110
0.7 -0.45 1110
0.75 -0.45 1110

-0.75 -0.4 1110
-0.7 -0.4 1110
-0.65 -0.4 1110
-0.6 -0.4 1110
-0.55 -0.4 1110
-0.5 -0.4 1110
-0.45 -0.4 1110
-0.4 -0.4 1110
-0.35 -0.4 1110
-0.3 -0.4 1110
-0.25 -0.4 1110
-0.2 -0.4 1110
-0.15 -0.4 1110
-0.0999999999999999 -0.4 1110
-0.0499999999999999 -0.4 1110
9.71445146547012e-17 -0.4 1110
0.0500000000000001 -0.4 1110
0.1 -0.4 1110
0.15 -0.4 1110
0.2 -0.4 1110
0.25 -0.4 1110
0.3 -0.4 1110
0.35 -0.4 1110
0.4 -0.4 1110
0.45 -0.4 1110
0.5 -0.4 1110
0.55 -0.4 1110
0.6 -0.4 1110
0.65 -0.4 1110
0.7 -0.4 1110
0.75 -0.4 1110

-0.75 -0.35 1110
-0.7 -0.35 1110
-0.65 -0.35 1110
-0.6 -0.35 1110
-0.55 -0.35 1110
-0.5 -0.35 1110
-0.45 -0.35 1110
-0.4 -0.35 1110
-0.35 -0.35 1110
-0.3 -0.35 1110
-0.25 -0.35 1110
-0.2 -0.35 1110
-0.15 -0.35 1110
-0.0999999999999999 -0.35 1110
-0.0499999999999999 -0.35 1110
9.71445146547012e-17 -0.35 1110
0.0500000000000001 -0.35 1110
0.1 -0.35 1110
0.15 -0.35 1110
0.2 -0.35 1110
0.25 -0.35 1110
0.3 -0.35 1110
0.35 -0.35 1110
0.4 -0.35 1110
0.45 -0.35 1110
0.5 -0.35 1110
0.55 -0.35 1110
0.6 -0.35 1110
0.65 -0.35 1110
0.7 -0.35 1110
0.75 -0.35 1110

-0.75 -0.3 1110
-0.7 -0.3 1110
-0.65 -0.3 1110
-0.6 -0.3 1110
-0.55 -0.3 1110
-0.5 -0.3 1110
-0.45 -0.3 1110
-0.4 -0.3 1110
-0.35 -0.3 1110
-0.3 -0.3 1110
-0.25 -0.3 1110
-0.2 -0.3 1110
-0.15 -0.3 1110
-0.0999999999999999 -0.3 1110
-0.0499999999999999 -0.3 1110
9.71445146547012e-17 -0.3 1110
0.0500000000000001 -0.3 1110
0.1 -0.3 1110
0.15 -0.3 1110
0.2 -0.3 1110
0.25 -0.3 1110
0.3 -0.3 1110
0.35 -0.3 1110
0.4 -0.3 1110
0.45 -0.3 1110
0.5 -0.3 1110
0.55 -0.3 1110
0.6 -0.3 1110
0.65 -0.3 1110
0.7 -0.3 1110
0.75 -0.3 1110

-0.75 -0.25 1110
-0.7 -0.25 1110
-0.65 -0.25 1110
-0.6 -0.25 1110
-0.55 -0.25 1110
-0.5 -0.25 1110
-0.45 -0.25 1110
-0.4 -0.25 1110
-0.35 -0.25 1110
-0.3 -0.25 1110
-0.25 -0.25 1110
-0.2 -0.25 1110
-0.15 -0.25 1110
-0.0999999999999999 -0.25 1110
-0.0499999999999999 -0.25 1110
9.71445146547012e-17 -0.25 1110
0.0500000000000001 -0.25 1110
0.1 -0.25 1110
0.15 -0.25 1110
0.2 -0.25 1110
0.25 -0.25 1110
0.3 -0.25 1110
0.35 -0.25 1110
0.4 -0.25 1110
0.45 -0.25 1110
0.5 -0.25 1110
0.55 -0.25 1110
0.6 -0.25 1110
0.65 -0.25 1110
0.7 -0.25 1110
0.75 -0.25 1110

-0.75 -0.2 1110
-0.7 -0.2 1110
-0.65 -0.2 1110
-0.6 -0.2 1110
-0.55 -0.2 1110
-0.5 -0.2 1110
-0.45 -0.2 1110
-0.4 -0.2 1110
-0.35 -0.2 1110
-0.3 -0.2 1110
-0.25 -0.2 1110
-0.2 -0.2 1110
-0.15 -0.2 1110
-0.0999999999999999 -0.2 1110
-0.0499999999999999 -0.2 1110
9.71445146547012e-17 -0.2 1110
0.0500000000000001 -0.2 1110
0.1 -0.2 1110
0.15 -0.2 1110
0.2 -0.2 1110
0.25 -0.2 1110
0.3 -0.2 1110
0.35 -0.2 1110
0.4 -0.2 1110
0.45 -0.2 1110
0.5 -0.2 1110
0.55 -0.2 1110
0.6 -0.2 1110
0.65 -0.2 1110
0.7 -0.2 1110
0.75 -0.2 1110

-0.75 -0.15 1110
-0.7 -0.15 1110
-0.65 -0.15 1110
-0.6 -0.15 1110
-0.55 -0.15 1110
-0.5 -0.15 1110
-0.45 -0.15 1110
-0.4 -0.15 1110
-0.35 -0.15 1110
-0.3 -0.15 1110
-0.25 -0.15 1110
-0.2 -0.15 1110
-0.15 -0.15 1110
-0.0999999999999999 -0.15 1110
-0.0499999999999999 -0.15 1110
9.71445146547012e-17 -0.15 1110
0.0500000000000001 -0.15 1110
0.1 -0.15 1110
0.15 -0.15 1110
0.2 -0.15 1110
0.25 -0.15 1110
0.3 -0.15 1110
0.35 -0.15 1110
0.4 -0.15 1110
0.45 -0.15 1110
0.5 -0.15 1110
0.55 -0.15 1110
0.6 -0.15 1110
0.65 -0.15 1110
0.7 -0.15 1110
0.75 -0.15 1110

-0.75 -0.0999999999999999 1110
-0.7 -0.0999999999999999 1110
-0.65 -0.0999999999999999 1110
-0.6 -0.0999999999999999 1110
-0.55 -0.0999999999999999 1110
-0.5 -0.0999999999999999 1110
-0.45 -0.0999999999999999 1110
-0.4 -0.0999999999999999 1110
-0.35 -0.0999999999999999 1110
-0.3 -0.0999999999999999 1110
-0.25 -0.0999999999999999 1110
-0.2 -0.0999999999999999 1110
-0.15 -0.0999999999999999 1110
-0.0999999999999999 -0.0999999999999999 1110
-0.0499999999999999 -0.0999999999999999 1110
9.71445146547012e-17 -0.0999999999999999 1110
0.0500000000000001 -0.0999999999999999 1110
0.1 -0.0999999999999999 1110
0.15 -0.0999999999999999 1110
0.2 -0.0999999999999999 1110
0.25 -0.0999999999999999 1110
0.3 -0.0999999999999999 1110
0.35 -0.0999999999999999 1110
0.4 -0.0999999999999999 1110
0.45 -0.0999999999999999 1110
0.5 -0.0999999999999999 1110
0.55 -0.0999999999999999 1110
0.6 -0.0999999999999999 1110
0.65 -0.0999999999999999 1110
0.7 -0.0999999999999999 1110
0.75 -0.0999999999999999 1110

-0.75 -0.0499999999999999 1110
-0.7 -0.0499999999999999 1110
-0.65 -0.0499999999999999 1110
-0.6 -0.0499999999999999 1110
-0.55 -0.0499999999999999 1110
-0.5 -0.0499999999999999 1110
-0.45 -0.0499999999999999 1110
-0.4 -0.0499999999999999 1110
-0.35 -0.0499999999999999 1110
-0.3 -0.0499999999999999 1110
-0.25 -0.0499999999999999 1110
-0.2 -0.0499999999999999 1110
-0.15 -0.0499999999999999 1110
-0.0999999999999999 -0.0499999999999999 1110
-0.0499999999999999 -0.0499999999999999 1110
9.71445146547012e-17 -0.0499999999999999 1110
0.0500000000000001 -0.0499999999999999 1110
0.1 -0.0499999999999999 1110
0.15 -0.0499999999999999 1110
0.2 -0.0499999999999999 1110
0.25 -0.0499999999999999 1110
0.3 -0.0499999999999999 1110
0.35 -0.0499999999999999 1110
0.4 -0.0499999999999999 1110
0.45 -0.0499999999999999 1110
0.5 -0.0499999999999999 1110
0.55 -0.0499999999999999 1110
0.6 -0.0499999999999999 1110
0.65 -0.0499999999999999 1110
0.7 -0.0499999999999999 1110
0.75 -0.0499999999999999 1110

-0.75 9.71445146547012e-17 1110
-0.7 9.71445146547012e-17 1110
-0.65 9.71445146547012e-17 1110
-0.6 9.71445146547012e-17 1110
-0.55 9.71445146547012e-17 1110
-0.5 9.71445146547012e-17 1110
-0.45 9.71445146547012e-17 1110
-0.4 9.71445146547012e-17 1110
-0.35 9.71445146547012e-17 1110
-0.3 9.71445146547012e-17 1110
-0.25 9.71445146547012e-17 1110
-0.2 9.71445146547012e-17 1110
-0.15 9.71445146547012e-17 1110
-0.0999999999999999 9.71445146547012e-17 1110
-0.0499999999999999 9.71445146547012e-17 1110
9.71445146547012e-17 9.71445146547012e-17 1110
0.0500000000000001 9.71445146547012e-17 1110
0.1 9.71445146547012e-17 1110
0.15 9.71445146547012e-17 1110
0.2 9.71445146547012e-17 1110
0.25 9.71445146547012e-17 1110
0.3 9.71445146547012e-17 1110
0.35 9.71445146547012e-17 1110
0.4 9.71445146547012e-17 1110
0.45 9.71445146547012e-17 1110
0.5 9.71445146547012e-17 1110
0.55 9.71445146547012e-17 1110
0.6 9.71445146547012e-17 1110
0.65 9.71445146547012e-17 1110
0.7 9.71445146547012e-17 1110
0.75 9.71445146547012e-17 1110

-0.75 0.0500000000000001 1110
-0.7 0.0500000000000001 1110
-0.65 0.0500000000000001 1110
-0.6 0.0500000000000001 1110
-0.55 0.0500000000000001 1110
-0.5 0.0500000000000001 1110
-0.45 0.0500000000000001 1110
-0.4 0.0500000000000001 1110
-0.35 0.0500000000000001 1110
-0.3 0.0500000000000001 1110
-0.25 0.0500000000000001 1110
-0.2 0.0500000000000001 1110
-0.15 0.0500000000000001 1110
-0.0999999999999999 0.0500000000000001 1110
-0.0499999999999999 0.0500000000000001 1110
9.71445146547012e-17 0.0500000000000001 1110
0.0500000000000001 0.0500000000000001 1110
0.1 0.0500000000000001 1110
0.15 0.0500000000000001 1110
0.2 0.0500000000000001 1110
0.25 0.0500000000000001 1110
0.3 0.0500000000000001 1110
0.35 0.0500000000000001 1110
0.4 0.0500000000000001 1110
0.45 0.0500000000000001 1110
0.5 0.0500000000000001 1110
0.55 0.0500000000000001 1110
0.6 0.0500000000000001 1110
0.65 0.0500000000000001 1110
0.7 0.0500000000000001 1110
0.75 0.0500000000000001 1110

-0.75 0.1 1110
-0.7 0.1 1110
-0.65 0.1 1110
-0.6 0.1 1110
-0.55 0.1 1110
-0.5 0.1 1110
-0.45 0.1 1110
-0.4 0.1 1110
-0.35 0.1 1110
-0.3 0.1 1110
-0.25 0.1 1110
-0.2 0.1 1110
-0.15 0.1 1110
-0.0999999999999999 0.1 1110
-0.0499999999999999 0.1 1110
9.71445146547012e-17 0.1 1110
0.0500000000000001 0.1 1110
0.1 0.1 1110
0.15 0.1 1110
0.2 0.1 1110
0.25 0.1 1110
0.3 0.1 1110
0.35 0.1 1110
0.4 0.1 1110
0.45 0.1 1110
0.5 0.1 1110
0.55 0.1 1110
0.6 0.1 1110
0.65 0.1 1110
0.7 0.1 1110
0.75 0.1 1110

-0.75 0.15 1110
-0.7 0.15 1110
-0.65 0.15 1110
-0.6 0.15 1110
-0.55 0.15 1110
-0.5 0.15 1110
-0.45 0.15 1110
-0.4 0.15 1110
-0.35 0.15 1110
-0.3 0.15 1110
-0.25 0.15 1110
-0.2 0.15 1110
-0.15 0.15 1110
-0.0999999999999999 0.15 1110
-0.0499999999999999 0.15 1110
9.71445146547012e-17 0.15 1110
0.0500000000000001 0.15 1110
0.1 0.15 1110
0.15 0.15 1110
0.2 0.15 1110
0.25 0.15 1110
0.3 0.15 1110
0.35 0.15 1110
0.4 0.15 1110
0.45 0.15 1110
0.5 0.15 1110
0.55 0.15 1110
0.6 0.15 1110
0.65 0.15 1110
0.7 0.15 1110
0.75 0.15 1110

-0.75 0.2 1110
-0.7 0.2 1110
-0.65 0.2 1110
-0.6 0.2 1110
-0.55 0.2 1110
-0.5 0.2 1110
-0.45 0.2 1110
-0.4 0.2 1110
-0.35 0.2 1110
-0.3 0.2 1110
-0.25 0.2 1110
-0.2 0.2 1110
-0.15 0.2 1110
-0.0999999999999999 0.2 1110
-0.0499999999999999 0.2 1110
9.71445146547012e-17 0.2 1110
0.0500000000000001 0.2 1110
0.1 0.2 1110
0.15 0.2 1110
0.2 0.2 1110
0.25 0.2 1110
0.3 0.2 1110
0.35 0.2 1110
0.4 0.2 1110
0.45 0.2 1110
0.5 0.2 1110
0.55 0.2 1110
0.6 0.2 1110
0.65 0.2 1110
0.7 0.2 1110
0.75 0.2 1110

-0.75 0.25 1110
-0.7 0.25 1110
-0.65 0.25 1110
-0.6 0.25 1110
-0.55 0.25 1110
-0.5 0.25 1110
-0.45 0.25 1110
-0.4 0.25 1110
-0.35 0.25 1110
-0.3 0.25 1110
-0.25 0.25 1110
-0.2 0.25 1110
-0.15 0.25 1110
-0.0999999999999999 0.25 1110
-0.0499999999999999 0.25 1110
9.71445146547012e-17 0.25 1110
0.0500000000000001 0.25 1110
0.1 0.25 1110
0.15 0.25 1110
0.2 0.25 1110
0.25 0.25 1110
0.3 0.25 1110
0.35 0.25 1110
0.4 0.25 1110
0.45 0.25 1110
0.5 0.25 1110
0.55 0.25 1110
0.6 0.25 1110
0.65 0.25 1110
0.7 0.25 1110
0.75 0.25 1110

-0.75 0.3 1110
-0.7 0.3 1110
-0.65 0.3 1110
-0.6 0.3 1110
-0.55 0.3 1110
-0.5 0.3 1110
-0.45 0.3 1110
-0.4 0.3 1110
-0.35 0.3 1110
-0.3 0.3 1110
-0.25 0.3 1110
-0.2 0.3 1110
-0.15 0.3 1110
-0.0999999999999999 0.3 1110
-0.0499999999999999 0.3 1110
9.71445146547012e-17 0.3 1110
0.0500000000000001 0.3 1110
0.1 0.3 1110
0.15 0.3 1110
0.2 0.3 1110
0.25 0.3 1110
0.3 0.3 1110
0.35 0.3 1110
0.4 0.3 1110
0.45 0.3 1110
0.5 0.3 1110
0.55 0.3 1110
0.6 0.3 1110
0.65 0.3 1110
0.7 0.3 1110
0.75 0.3 1110

-0.75 0.35 1110
-0.7 0.35 1110
-0.65 0.35 1110
-0.6 0.35 1110
-0.55 0.35 1110
-0.5 0.35 1110
-0.45 0.35 1110
-0.4 0.35 1110
-0.35 0.35 1110
-0.3 0.35 1110
-0.25 0.35 1110
-0.2 0.35 1110
-0.15 0.35 1110
-0.0999999999999999 0.35 1110
-0.0499999999999999 0.35 1110
9.71445146547012e-17 0.35 1110
0.0500000000000001 0.35 1110
0.1 0.35 1110
0.15 0.35 1110
0.2 0.35 1110
0.25 0.35 1110
0.3 0.35 1110
0.35 0.35 1110
0.4 0.35 1110
0.45 0.35 1110
0.5 0.35 1110
0.55 0.35 1110
0.6 0.35 1110
0.65 0.35 1110
0.7 0.35 1110
0.75 0.35 1110

-0.75 0.4 1110
-0.7 0.4 1110
-0.65 0.4 1110
-0.6 0.4 1110
-0.55 0.4 1110
-0.5 0.4 1110
-0.45 0.4 1110
-0.4 0.4 1110
-0.35 0.4 1110
-0.3 0.4 1110
-0.25 0.4 1110
-0.2 0.4 1110
-0.15 0.4 1110
-0.0999999999999999 0.4 1110
-0.0499999999999999 0.4 1110
9.71445146547012e-17 0.4 1110
0.0500000000000001 0.4 1110
0.1 0.4 1110
0.15 0.4 1110
0.2 0.4 1110
0.25 0.4 1110
0.3 0.4 1110
0.35 0.4 1110
0.4 0.4 1110
0.45 0.4 1110
0.5 0.4 1110
0.55 0.4 1110
0.6 0.4 1110
0.65 0.4 1110
0.7 0.4 1110
0.75 0.4 1110

-0.75 0.45 1110
-0.7 0.45 1110
-0.65 0.45 1110
-0.6 0.45 1110
-0.55 0.45 1110
-0.5 0.45 1110
-0.45 0.45 1110
-0.4 0.45 1110
-0.35 0.45 1110
-0.3 0.45 1110
-0.25 0.45 1110
-0.2 0.45 1110
-0.15 0.45 1110
-0.0999999999999999 0.45 1110
-0.0499999999999999 0.45 1110
9.71445146547012e-17 0.45 1110
0.0500000000000001 0.45 1110
0.1 0.45 1110
0.15 0.45 1110
0.2 0.45 1110
0.25 0.45 1110
0.3 0.45 1110
0.35 0.45 1110
0.4 0.45 1110
0.45 0.45 1110
0.5 0.45 1110
0.55 0.45 1110
0.6 0.45 1110
0.65 0.45 1110
0.7 0.45 1110
0.75 0.45 1110

-0.75 0.5 1110
-0.7 0.5 1110
-0.65 0.5 1110
-0.6 0.5 1110
-0.55 0.5 1110
-0.5 0.5 1110
-0.45 0.5 1110
-0.4 0.5 1110
-0.35 0.5 1110
-0.3 0.5 1110
-0.25 0.5 1110
-0.2 0.5 1110
-0.15 0.5 1110
-0.0999999999999999 0.5 1110
-0.0499999999999999 0.5 1110
9.71445146547012e-17 0.5 1110
0.0500000000000001 0.5 1110
0.1 0.5 1110
0.15 0.5 1110
0.2 0.5 1110
0.25 0.5 1110
0.3 0.5 1110
0.35 0.5 1110
0.4 0.5 1110
0.45 0.5 1110
0.5 0.5 1110
0.55 0.5 1110
0.6 0.5 1110
0.65 0.5 1110
0.7 0.5 1110
0.75 0.5 1110

-0.75 0.55 1110
-0.7 0.55 1110
-0.65 0.55 1110
-0.6 0.55 1110
-0.55 0.55 1110
-0.5 0.55 1110
-0.45 0.55 1110
-0.4 0.55 1110
-0.35 0.55 1110
-0.3 0.55 1110
-0.25 0.55 1110
-0.2 0.55 1110
-0.15 0.55 1110
-0.0999999999999999 0.55 1110
-0.0499999999999999 0.55 1110
9.71445146547012e-17 0.55 1110
0.0500000000000001 0.55 1110
0.1 0.55 1110
0.15 0.55 1110
0.2 0.55 1110
0.25 0.55 1110
0.3 0.55 1110
0.35 0.55 1110
0.4 0.55 1110
0.45 0.55 1110
0.5 0.55 1110
0.55 0.55 1110
0.6 0.55 1110
0.65 0.55 1110
0.7 0.55 1110
0.75 0.55 1110

-0.75 0.6 1110
-0.7 0.6 1110
-0.65 0.6 1110
-0.6 0.6 1110
-0.55 0.6 1110
-0.5 0.6 1110
-0.45 0.6 1110
-0.4 0.6 1110
-0.35 0.6 1110
-0.3 0.6 1110
-0.25 0.6 1110
-0.2 0.6 1110
-0.15 0.6 1110
-0.0999999999999999 0.6 1110
-0.0499999999999999 0.6 1110
9.71445146547012e-17 0.6 1110
0.0500000000000001 0.6 1110
0.1 0.6 1110
0.15 0.6 1110
0.2 0.6 1110
0.25 0.6 1110
0.3 0.6 1110
0.35 0.6 1110
0.4 0.6 1110
0.45 0.6 1110
0.5 0.6 1110
0.55 0.6 1110
0.6 0.6 1110
0.65 0.6 1110
0.7 0.6 1110
0.75 0.6 1110

-0.75 0.65 1110
-0.7 0.65 1110
-0.65 0.65 1110
-0.6 0.65 1110
-0.55 0.65 1110
-0.5 0.65 1110
-0.45 0.65 1110
-0.4 0.65 1110
-0.35 0.65 1110
-0.3 0.65 1110
-0.25 0.65 1110
-0.2 0.65 1110
-0.15 0.65 1110
-0.0999999999999999 0.65 1110
-0.0499999999999999 0.65 1110
9.71445146547012e-17 0.65 1110
0.0500000000000001 0.65 1110
0.1 0.65 1110
0.15 0.65 1110
0.2 0.65 1110
0.25 0.65 1110
0.3 0.65 1110
0.35 0.65 1110
0.4 0.65 1110
0.45 0.65 1110
0.5 0.65 1110
0.55 0.65 1110
0.6 0.65 1110
0.65 0.65 1110
0.7 0.65 1110
0.75 0.65 1110

-0.75 0.7 1110
-0.7 0.7 1110
-0.65 0.7 1110
-0.6 0.7 1110
-0.55 0.7 1110
-0.5 0.7 1110
-0.45 0.7 1110
-0.4 0.7 1110
-0.35 0.7 1110
-0.3 0.7 1110
-0.25 0.7 1110
-0.2 0.7 1110
-0.15 0.7 1110
-0.0999999999999999 0.7 1110
-0.0499999999999999 0.7 1110
9.71445146547012e-17 0.7 1110
0.0500000000000001 0.7 1110
0.1 0.7 1110
0.15 0.7 1110
0.2 0.7 1110
0.25 0.7 1110
0.3 0.7 1110
0.35 0.7 1110
0.4 0.7 1110
0.45 0.7 1110
0.5 0.7 1110
0.55 0.7 1110
0.6 0.7 1110
0.65 0.7 1110
0.7 0.7 1110
0.75 0.7 1110

-0.75 0.75 1110
-0.7 0.75 1110
-0.65 0.75 1110
-0.6 0.75 1110
-0.55 0.75 1110
-0.5 0.75 1110
-0.45 0.75 1110
-0.4 0.75 1110
-0.35 0.75 1110
-0.3 0.75 1110
-0.25 0.75 1110
-0.2 0.75 1110
-0.15 0.75 1110
-0.0999999999999999 0.75 1110
-0.0499999999999999 0.75 1110
9.71445146547012e-17 0.75 1110
0.0500000000000001 0.75 1110
0.1 0.75 1110
0.15 0.75 1110
0.2 0.75 1110
0.25 0.75 1110
0.3 0.75 1110
0.35 0.75 1110
0.4 0.75 1110
0.45 0.75 1110
0.5 0.75 1110
0.55 0.75 1110
0.6 0.75 1110
0.65 0.75 1110
0.7 0.75 1110
0.75 0.75 1110
