# Grid generated with tessgrd 1.1.1-52-gc5058b8:
#   local time: Mon Aug 11 17:56:40 2014
#   args: -r-0.075/0.075/-0.075/0.075 -b31/31 -z111
#   grid spacing: 0.0050000000 lon / 0.0050000000 lat
#   total 961 points
-0.075 -0.075 111
-0.07 -0.075 111
-0.065 -0.075 111
-0.06 -0.075 111
-0.055 -0.075 111
-0.05 -0.075 111
-0.045 -0.075 111
-0.04 -0.075 111
-0.035 -0.075 111
-0.03 -0.075 111
-0.025 -0.075 111
-0.02 -0.075 111
-0.015 -0.075 111
-0.01 -0.075 111
-0.005 -0.075 111
1.73472347597681e-18 -0.075 111
0.005 -0.075 111
0.01 -0.075 111
0.015 -0.075 111
0.02 -0.075 111
0.025 -0.075 111
0.03 -0.075 111
0.035 -0.075 111
0.04 -0.075 111
0.045 -0.075 111
0.05 -0.075 111
0.055 -0.075 111
0.06 -0.075 111
0.065 -0.075 111
0.07 -0.075 111
0.075 -0.075 111

-0.075 -0.07 111
-0.07 -0.07 111
-0.065 -0.07 111
-0.06 -0.07 111
-0.055 -0.07 111
-0.05 -0.07 111
-0.045 -0.07 111
-0.04 -0.07 111
-0.035 -0.07 111
-0.03 -0.07 111
-0.025 -0.07 111
-0.02 -0.07 111
-0.015 -0.07 111
-0.01 -0.07 111
-0.005 -0.07 111
1.73472347597681e-18 -0.07 111
0.005 -0.07 111
0.01 -0.07 111
0.015 -0.07 111
0.02 -0.07 111
0.025 -0.07 111
0.03 -0.07 111
0.035 -0.07 111
0.04 -0.07 111
0.045 -0.07 111
0.05 -0.07 111
0.055 -0.07 111
0.06 -0.07 111
0.065 -0.07 111
0.07 -0.07 111
0.075 -0.07 111

-0.075 -0.065 111
-0.07 -0.065 111
-0.065 -0.065 111
-0.06 -0.065 111
-0.055 -0.065 111
-0.05 -0.065 111
-0.045 -0.065 111
-0.04 -0.065 111
-0.035 -0.065 111
-0.03 -0.065 111
-0.025 -0.065 111
-0.02 -0.065 111
-0.015 -0.065 111
-0.01 -0.065 111
-0.005 -0.065 111
1.73472347597681e-18 -0.065 111
0.005 -0.065 111
0.01 -0.065 111
0.015 -0.065 111
0.02 -0.065 111
0.025 -0.065 111
0.03 -0.065 111
0.035 -0.065 111
0.04 -0.065 111
0.045 -0.065 111
0.05 -0.065 111
0.055 -0.065 111
0.06 -0.065 111
0.065 -0.065 111
0.07 -0.065 111
0.075 -0.065 111

-0.075 -0.06 111
-0.07 -0.06 111
-0.065 -0.06 111
-0.06 -0.06 111
-0.055 -0.06 111
-0.05 -0.06 111
-0.045 -0.06 111
-0.04 -0.06 111
-0.035 -0.06 111
-0.03 -0.06 111
-0.025 -0.06 111
-0.02 -0.06 111
-0.015 -0.06 111
-0.01 -0.06 111
-0.005 -0.06 111
1.73472347597681e-18 -0.06 111
0.005 -0.06 111
0.01 -0.06 111
0.015 -0.06 111
0.02 -0.06 111
0.025 -0.06 111
0.03 -0.06 111
0.035 -0.06 111
0.04 -0.06 111
0.045 -0.06 111
0.05 -0.06 111
0.055 -0.06 111
0.06 -0.06 111
0.065 -0.06 111
0.07 -0.06 111
0.075 -0.06 111

-0.075 -0.055 111
-0.07 -0.055 111
-0.065 -0.055 111
-0.06 -0.055 111
-0.055 -0.055 111
-0.05 -0.055 111
-0.045 -0.055 111
-0.04 -0.055 111
-0.035 -0.055 111
-0.03 -0.055 111
-0.025 -0.055 111
-0.02 -0.055 111
-0.015 -0.055 111
-0.01 -0.055 111
-0.005 -0.055 111
1.73472347597681e-18 -0.055 111
0.005 -0.055 111
0.01 -0.055 111
0.015 -0.055 111
0.02 -0.055 111
0.025 -0.055 111
0.03 -0.055 111
0.035 -0.055 111
0.04 -0.055 111
0.045 -0.055 111
0.05 -0.055 111
0.055 -0.055 111
0.06 -0.055 111
0.065 -0.055 111
0.07 -0.055 111
0.075 -0.055 111

-0.075 -0.05 111
-0.07 -0.05 111
-0.065 -0.05 111
-0.06 -0.05 111
-0.055 -0.05 111
-0.05 -0.05 111
-0.045 -0.05 111
-0.04 -0.05 111
-0.035 -0.05 111
-0.03 -0.05 111
-0.025 -0.05 111
-0.02 -0.05 111
-0.015 -0.05 111
-0.01 -0.05 111
-0.005 -0.05 111
1.73472347597681e-18 -0.05 111
0.005 -0.05 111
0.01 -0.05 111
0.015 -0.05 111
0.02 -0.05 111
0.025 -0.05 111
0.03 -0.05 111
0.035 -0.05 111
0.04 -0.05 111
0.045 -0.05 111
0.05 -0.05 111
0.055 -0.05 111
0.06 -0.05 111
0.065 -0.05 111
0.07 -0.05 111
0.075 -0.05 111

-0.075 -0.045 111
-0.07 -0.045 111
-0.065 -0.045 111
-0.06 -0.045 111
-0.055 -0.045 111
-0.05 -0.045 111
-0.045 -0.045 111
-0.04 -0.045 111
-0.035 -0.045 111
-0.03 -0.045 111
-0.025 -0.045 111
-0.02 -0.045 111
-0.015 -0.045 111
-0.01 -0.045 111
-0.005 -0.045 111
1.73472347597681e-18 -0.045 111
0.005 -0.045 111
0.01 -0.045 111
0.015 -0.045 111
0.02 -0.045 111
0.025 -0.045 111
0.03 -0.045 111
0.035 -0.045 111
0.04 -0.045 111
0.045 -0.045 111
0.05 -0.045 111
0.055 -0.045 111
0.06 -0.045 111
0.065 -0.045 111
0.07 -0.045 111
0.075 -0.045 111

-0.075 -0.04 111
-0.07 -0.04 111
-0.065 -0.04 111
-0.06 -0.04 111
-0.055 -0.04 111
-0.05 -0.04 111
-0.045 -0.04 111
-0.04 -0.04 111
-0.035 -0.04 111
-0.03 -0.04 111
-0.025 -0.04 111
-0.02 -0.04 111
-0.015 -0.04 111
-0.01 -0.04 111
-0.005 -0.04 111
1.73472347597681e-18 -0.04 111
0.005 -0.04 111
0.01 -0.04 111
0.015 -0.04 111
0.02 -0.04 111
0.025 -0.04 111
0.03 -0.04 111
0.035 -0.04 111
0.04 -0.04 111
0.045 -0.04 111
0.05 -0.04 111
0.055 -0.04 111
0.06 -0.04 111
0.065 -0.04 111
0.07 -0.04 111
0.075 -0.04 111

-0.075 -0.035 111
-0.07 -0.035 111
-0.065 -0.035 111
-0.06 -0.035 111
-0.055 -0.035 111
-0.05 -0.035 111
-0.045 -0.035 111
-0.04 -0.035 111
-0.035 -0.035 111
-0.03 -0.035 111
-0.025 -0.035 111
-0.02 -0.035 111
-0.015 -0.035 111
-0.01 -0.035 111
-0.005 -0.035 111
1.73472347597681e-18 -0.035 111
0.005 -0.035 111
0.01 -0.035 111
0.015 -0.035 111
0.02 -0.035 111
0.025 -0.035 111
0.03 -0.035 111
0.035 -0.035 111
0.04 -0.035 111
0.045 -0.035 111
0.05 -0.035 111
0.055 -0.035 111
0.06 -0.035 111
0.065 -0.035 111
0.07 -0.035 111
0.075 -0.035 111

-0.075 -0.03 111
-0.07 -0.03 111
-0.065 -0.03 111
-0.06 -0.03 111
-0.055 -0.03 111
-0.05 -0.03 111
-0.045 -0.03 111
-0.04 -0.03 111
-0.035 -0.03 111
-0.03 -0.03 111
-0.025 -0.03 111
-0.02 -0.03 111
-0.015 -0.03 111
-0.01 -0.03 111
-0.005 -0.03 111
1.73472347597681e-18 -0.03 111
0.005 -0.03 111
0.01 -0.03 111
0.015 -0.03 111
0.02 -0.03 111
0.025 -0.03 111
0.03 -0.03 111
0.035 -0.03 111
0.04 -0.03 111
0.045 -0.03 111
0.05 -0.03 111
0.055 -0.03 111
0.06 -0.03 111
0.065 -0.03 111
0.07 -0.03 111
0.075 -0.03 111

-0.075 -0.025 111
-0.07 -0.025 111
-0.065 -0.025 111
-0.06 -0.025 111
-0.055 -0.025 111
-0.05 -0.025 111
-0.045 -0.025 111
-0.04 -0.025 111
-0.035 -0.025 111
-0.03 -0.025 111
-0.025 -0.025 111
-0.02 -0.025 111
-0.015 -0.025 111
-0.01 -0.025 111
-0.005 -0.025 111
1.73472347597681e-18 -0.025 111
0.005 -0.025 111
0.01 -0.025 111
0.015 -0.025 111
0.02 -0.025 111
0.025 -0.025 111
0.03 -0.025 111
0.035 -0.025 111
0.04 -0.025 111
0.045 -0.025 111
0.05 -0.025 111
0.055 -0.025 111
0.06 -0.025 111
0.065 -0.025 111
0.07 -0.025 111
0.075 -0.025 111

-0.075 -0.02 111
-0.07 -0.02 111
-0.065 -0.02 111
-0.06 -0.02 111
-0.055 -0.02 111
-0.05 -0.02 111
-0.045 -0.02 111
-0.04 -0.02 111
-0.035 -0.02 111
-0.03 -0.02 111
-0.025 -0.02 111
-0.02 -0.02 111
-0.015 -0.02 111
-0.01 -0.02 111
-0.005 -0.02 111
1.73472347597681e-18 -0.02 111
0.005 -0.02 111
0.01 -0.02 111
0.015 -0.02 111
0.02 -0.02 111
0.025 -0.02 111
0.03 -0.02 111
0.035 -0.02 111
0.04 -0.02 111
0.045 -0.02 111
0.05 -0.02 111
0.055 -0.02 111
0.06 -0.02 111
0.065 -0.02 111
0.07 -0.02 111
0.075 -0.02 111

-0.075 -0.015 111
-0.07 -0.015 111
-0.065 -0.015 111
-0.06 -0.015 111
-0.055 -0.015 111
-0.05 -0.015 111
-0.045 -0.015 111
-0.04 -0.015 111
-0.035 -0.015 111
-0.03 -0.015 111
-0.025 -0.015 111
-0.02 -0.015 111
-0.015 -0.015 111
-0.01 -0.015 111
-0.005 -0.015 111
1.73472347597681e-18 -0.015 111
0.005 -0.015 111
0.01 -0.015 111
0.015 -0.015 111
0.02 -0.015 111
0.025 -0.015 111
0.03 -0.015 111
0.035 -0.015 111
0.04 -0.015 111
0.045 -0.015 111
0.05 -0.015 111
0.055 -0.015 111
0.06 -0.015 111
0.065 -0.015 111
0.07 -0.015 111
0.075 -0.015 111

-0.075 -0.01 111
-0.07 -0.01 111
-0.065 -0.01 111
-0.06 -0.01 111
-0.055 -0.01 111
-0.05 -0.01 111
-0.045 -0.01 111
-0.04 -0.01 111
-0.035 -0.01 111
-0.03 -0.01 111
-0.025 -0.01 111
-0.02 -0.01 111
-0.015 -0.01 111
-0.01 -0.01 111
-0.005 -0.01 111
1.73472347597681e-18 -0.01 111
0.005 -0.01 111
0.01 -0.01 111
0.015 -0.01 111
0.02 -0.01 111
0.025 -0.01 111
0.03 -0.01 111
0.035 -0.01 111
0.04 -0.01 111
0.045 -0.01 111
0.05 -0.01 111
0.055 -0.01 111
0.06 -0.01 111
0.065 -0.01 111
0.07 -0.01 111
0.075 -0.01 111

-0.075 -0.005 111
-0.07 -0.005 111
-0.065 -0.005 111
-0.06 -0.005 111
-0.055 -0.005 111
-0.05 -0.005 111
-0.045 -0.005 111
-0.04 -0.005 111
-0.035 -0.005 111
-0.03 -0.005 111
-0.025 -0.005 111
-0.02 -0.005 111
-0.015 -0.005 111
-0.01 -0.005 111
-0.005 -0.005 111
1.73472347597681e-18 -0.005 111
0.005 -0.005 111
0.01 -0.005 111
0.015 -0.005 111
0.02 -0.005 111
0.025 -0.005 111
0.03 -0.005 111
0.035 -0.005 111
0.04 -0.005 111
0.045 -0.005 111
0.05 -0.005 111
0.055 -0.005 111
0.06 -0.005 111
0.065 -0.005 111
0.07 -0.005 111
0.075 -0.005 111

-0.075 1.73472347597681e-18 111
-0.07 1.73472347597681e-18 111
-0.065 1.73472347597681e-18 111
-0.06 1.73472347597681e-18 111
-0.055 1.73472347597681e-18 111
-0.05 1.73472347597681e-18 111
-0.045 1.73472347597681e-18 111
-0.04 1.73472347597681e-18 111
-0.035 1.73472347597681e-18 111
-0.03 1.73472347597681e-18 111
-0.025 1.73472347597681e-18 111
-0.02 1.73472347597681e-18 111
-0.015 1.73472347597681e-18 111
-0.01 1.73472347597681e-18 111
-0.005 1.73472347597681e-18 111
1.73472347597681e-18 1.73472347597681e-18 111
0.005 1.73472347597681e-18 111
0.01 1.73472347597681e-18 111
0.015 1.73472347597681e-18 111
0.02 1.73472347597681e-18 111
0.025 1.73472347597681e-18 111
0.03 1.73472347597681e-18 111
0.035 1.73472347597681e-18 111
0.04 1.73472347597681e-18 111
0.045 1.73472347597681e-18 111
0.05 1.73472347597681e-18 111
0.055 1.73472347597681e-18 111
0.06 1.73472347597681e-18 111
0.065 1.73472347597681e-18 111
0.07 1.73472347597681e-18 111
0.075 1.73472347597681e-18 111

-0.075 0.005 111
-0.07 0.005 111
-0.065 0.005 111
-0.06 0.005 111
-0.055 0.005 111
-0.05 0.005 111
-0.045 0.005 111
-0.04 0.005 111
-0.035 0.005 111
-0.03 0.005 111
-0.025 0.005 111
-0.02 0.005 111
-0.015 0.005 111
-0.01 0.005 111
-0.005 0.005 111
1.73472347597681e-18 0.005 111
0.005 0.005 111
0.01 0.005 111
0.015 0.005 111
0.02 0.005 111
0.025 0.005 111
0.03 0.005 111
0.035 0.005 111
0.04 0.005 111
0.045 0.005 111
0.05 0.005 111
0.055 0.005 111
0.06 0.005 111
0.065 0.005 111
0.07 0.005 111
0.075 0.005 111

-0.075 0.01 111
-0.07 0.01 111
-0.065 0.01 111
-0.06 0.01 111
-0.055 0.01 111
-0.05 0.01 111
-0.045 0.01 111
-0.04 0.01 111
-0.035 0.01 111
-0.03 0.01 111
-0.025 0.01 111
-0.02 0.01 111
-0.015 0.01 111
-0.01 0.01 111
-0.005 0.01 111
1.73472347597681e-18 0.01 111
0.005 0.01 111
0.01 0.01 111
0.015 0.01 111
0.02 0.01 111
0.025 0.01 111
0.03 0.01 111
0.035 0.01 111
0.04 0.01 111
0.045 0.01 111
0.05 0.01 111
0.055 0.01 111
0.06 0.01 111
0.065 0.01 111
0.07 0.01 111
0.075 0.01 111

-0.075 0.015 111
-0.07 0.015 111
-0.065 0.015 111
-0.06 0.015 111
-0.055 0.015 111
-0.05 0.015 111
-0.045 0.015 111
-0.04 0.015 111
-0.035 0.015 111
-0.03 0.015 111
-0.025 0.015 111
-0.02 0.015 111
-0.015 0.015 111
-0.01 0.015 111
-0.005 0.015 111
1.73472347597681e-18 0.015 111
0.005 0.015 111
0.01 0.015 111
0.015 0.015 111
0.02 0.015 111
0.025 0.015 111
0.03 0.015 111
0.035 0.015 111
0.04 0.015 111
0.045 0.015 111
0.05 0.015 111
0.055 0.015 111
0.06 0.015 111
0.065 0.015 111
0.07 0.015 111
0.075 0.015 111

-0.075 0.02 111
-0.07 0.02 111
-0.065 0.02 111
-0.06 0.02 111
-0.055 0.02 111
-0.05 0.02 111
-0.045 0.02 111
-0.04 0.02 111
-0.035 0.02 111
-0.03 0.02 111
-0.025 0.02 111
-0.02 0.02 111
-0.015 0.02 111
-0.01 0.02 111
-0.005 0.02 111
1.73472347597681e-18 0.02 111
0.005 0.02 111
0.01 0.02 111
0.015 0.02 111
0.02 0.02 111
0.025 0.02 111
0.03 0.02 111
0.035 0.02 111
0.04 0.02 111
0.045 0.02 111
0.05 0.02 111
0.055 0.02 111
0.06 0.02 111
0.065 0.02 111
0.07 0.02 111
0.075 0.02 111

-0.075 0.025 111
-0.07 0.025 111
-0.065 0.025 111
-0.06 0.025 111
-0.055 0.025 111
-0.05 0.025 111
-0.045 0.025 111
-0.04 0.025 111
-0.035 0.025 111
-0.03 0.025 111
-0.025 0.025 111
-0.02 0.025 111
-0.015 0.025 111
-0.01 0.025 111
-0.005 0.025 111
1.73472347597681e-18 0.025 111
0.005 0.025 111
0.01 0.025 111
0.015 0.025 111
0.02 0.025 111
0.025 0.025 111
0.03 0.025 111
0.035 0.025 111
0.04 0.025 111
0.045 0.025 111
0.05 0.025 111
0.055 0.025 111
0.06 0.025 111
0.065 0.025 111
0.07 0.025 111
0.075 0.025 111

-0.075 0.03 111
-0.07 0.03 111
-0.065 0.03 111
-0.06 0.03 111
-0.055 0.03 111
-0.05 0.03 111
-0.045 0.03 111
-0.04 0.03 111
-0.035 0.03 111
-0.03 0.03 111
-0.025 0.03 111
-0.02 0.03 111
-0.015 0.03 111
-0.01 0.03 111
-0.005 0.03 111
1.73472347597681e-18 0.03 111
0.005 0.03 111
0.01 0.03 111
0.015 0.03 111
0.02 0.03 111
0.025 0.03 111
0.03 0.03 111
0.035 0.03 111
0.04 0.03 111
0.045 0.03 111
0.05 0.03 111
0.055 0.03 111
0.06 0.03 111
0.065 0.03 111
0.07 0.03 111
0.075 0.03 111

-0.075 0.035 111
-0.07 0.035 111
-0.065 0.035 111
-0.06 0.035 111
-0.055 0.035 111
-0.05 0.035 111
-0.045 0.035 111
-0.04 0.035 111
-0.035 0.035 111
-0.03 0.035 111
-0.025 0.035 111
-0.02 0.035 111
-0.015 0.035 111
-0.01 0.035 111
-0.005 0.035 111
1.73472347597681e-18 0.035 111
0.005 0.035 111
0.01 0.035 111
0.015 0.035 111
0.02 0.035 111
0.025 0.035 111
0.03 0.035 111
0.035 0.035 111
0.04 0.035 111
0.045 0.035 111
0.05 0.035 111
0.055 0.035 111
0.06 0.035 111
0.065 0.035 111
0.07 0.035 111
0.075 0.035 111

-0.075 0.04 111
-0.07 0.04 111
-0.065 0.04 111
-0.06 0.04 111
-0.055 0.04 111
-0.05 0.04 111
-0.045 0.04 111
-0.04 0.04 111
-0.035 0.04 111
-0.03 0.04 111
-0.025 0.04 111
-0.02 0.04 111
-0.015 0.04 111
-0.01 0.04 111
-0.005 0.04 111
1.73472347597681e-18 0.04 111
0.005 0.04 111
0.01 0.04 111
0.015 0.04 111
0.02 0.04 111
0.025 0.04 111
0.03 0.04 111
0.035 0.04 111
0.04 0.04 111
0.045 0.04 111
0.05 0.04 111
0.055 0.04 111
0.06 0.04 111
0.065 0.04 111
0.07 0.04 111
0.075 0.04 111

-0.075 0.045 111
-0.07 0.045 111
-0.065 0.045 111
-0.06 0.045 111
-0.055 0.045 111
-0.05 0.045 111
-0.045 0.045 111
-0.04 0.045 111
-0.035 0.045 111
-0.03 0.045 111
-0.025 0.045 111
-0.02 0.045 111
-0.015 0.045 111
-0.01 0.045 111
-0.005 0.045 111
1.73472347597681e-18 0.045 111
0.005 0.045 111
0.01 0.045 111
0.015 0.045 111
0.02 0.045 111
0.025 0.045 111
0.03 0.045 111
0.035 0.045 111
0.04 0.045 111
0.045 0.045 111
0.05 0.045 111
0.055 0.045 111
0.06 0.045 111
0.065 0.045 111
0.07 0.045 111
0.075 0.045 111

-0.075 0.05 111
-0.07 0.05 111
-0.065 0.05 111
-0.06 0.05 111
-0.055 0.05 111
-0.05 0.05 111
-0.045 0.05 111
-0.04 0.05 111
-0.035 0.05 111
-0.03 0.05 111
-0.025 0.05 111
-0.02 0.05 111
-0.015 0.05 111
-0.01 0.05 111
-0.005 0.05 111
1.73472347597681e-18 0.05 111
0.005 0.05 111
0.01 0.05 111
0.015 0.05 111
0.02 0.05 111
0.025 0.05 111
0.03 0.05 111
0.035 0.05 111
0.04 0.05 111
0.045 0.05 111
0.05 0.05 111
0.055 0.05 111
0.06 0.05 111
0.065 0.05 111
0.07 0.05 111
0.075 0.05 111

-0.075 0.055 111
-0.07 0.055 111
-0.065 0.055 111
-0.06 0.055 111
-0.055 0.055 111
-0.05 0.055 111
-0.045 0.055 111
-0.04 0.055 111
-0.035 0.055 111
-0.03 0.055 111
-0.025 0.055 111
-0.02 0.055 111
-0.015 0.055 111
-0.01 0.055 111
-0.005 0.055 111
1.73472347597681e-18 0.055 111
0.005 0.055 111
0.01 0.055 111
0.015 0.055 111
0.02 0.055 111
0.025 0.055 111
0.03 0.055 111
0.035 0.055 111
0.04 0.055 111
0.045 0.055 111
0.05 0.055 111
0.055 0.055 111
0.06 0.055 111
0.065 0.055 111
0.07 0.055 111
0.075 0.055 111

-0.075 0.06 111
-0.07 0.06 111
-0.065 0.06 111
-0.06 0.06 111
-0.055 0.06 111
-0.05 0.06 111
-0.045 0.06 111
-0.04 0.06 111
-0.035 0.06 111
-0.03 0.06 111
-0.025 0.06 111
-0.02 0.06 111
-0.015 0.06 111
-0.01 0.06 111
-0.005 0.06 111
1.73472347597681e-18 0.06 111
0.005 0.06 111
0.01 0.06 111
0.015 0.06 111
0.02 0.06 111
0.025 0.06 111
0.03 0.06 111
0.035 0.06 111
0.04 0.06 111
0.045 0.06 111
0.05 0.06 111
0.055 0.06 111
0.06 0.06 111
0.065 0.06 111
0.07 0.06 111
0.075 0.06 111

-0.075 0.065 111
-0.07 0.065 111
-0.065 0.065 111
-0.06 0.065 111
-0.055 0.065 111
-0.05 0.065 111
-0.045 0.065 111
-0.04 0.065 111
-0.035 0.065 111
-0.03 0.065 111
-0.025 0.065 111
-0.02 0.065 111
-0.015 0.065 111
-0.01 0.065 111
-0.005 0.065 111
1.73472347597681e-18 0.065 111
0.005 0.065 111
0.01 0.065 111
0.015 0.065 111
0.02 0.065 111
0.025 0.065 111
0.03 0.065 111
0.035 0.065 111
0.04 0.065 111
0.045 0.065 111
0.05 0.065 111
0.055 0.065 111
0.06 0.065 111
0.065 0.065 111
0.07 0.065 111
0.075 0.065 111

-0.075 0.07 111
-0.07 0.07 111
-0.065 0.07 111
-0.06 0.07 111
-0.055 0.07 111
-0.05 0.07 111
-0.045 0.07 111
-0.04 0.07 111
-0.035 0.07 111
-0.03 0.07 111
-0.025 0.07 111
-0.02 0.07 111
-0.015 0.07 111
-0.01 0.07 111
-0.005 0.07 111
1.73472347597681e-18 0.07 111
0.005 0.07 111
0.01 0.07 111
0.015 0.07 111
0.02 0.07 111
0.025 0.07 111
0.03 0.07 111
0.035 0.07 111
0.04 0.07 111
0.045 0.07 111
0.05 0.07 111
0.055 0.07 111
0.06 0.07 111
0.065 0.07 111
0.07 0.07 111
0.075 0.07 111

-0.075 0.075 111
-0.07 0.075 111
-0.065 0.075 111
-0.06 0.075 111
-0.055 0.075 111
-0.05 0.075 111
-0.045 0.075 111
-0.04 0.075 111
-0.035 0.075 111
-0.03 0.075 111
-0.025 0.075 111
-0.02 0.075 111
-0.015 0.075 111
-0.01 0.075 111
-0.005 0.075 111
1.73472347597681e-18 0.075 111
0.005 0.075 111
0.01 0.075 111
0.015 0.075 111
0.02 0.075 111
0.025 0.075 111
0.03 0.075 111
0.035 0.075 111
0.04 0.075 111
0.045 0.075 111
0.05 0.075 111
0.055 0.075 111
0.06 0.075 111
0.065 0.075 111
0.07 0.075 111
0.075 0.075 111

