# Grid generated with tessgrd 1.1.1:
#   local time: Tue Aug  5 12:09:31 2014
#   args: -r-3.75/3.75/-3.75/3.75 -b31/31 -z1000
#   grid spacing: 0.2500000000 lon / 0.2500000000 lat
#   total 961 points
-3.75 -3.75 1000
-3.5 -3.75 1000
-3.25 -3.75 1000
-3 -3.75 1000
-2.75 -3.75 1000
-2.5 -3.75 1000
-2.25 -3.75 1000
-2 -3.75 1000
-1.75 -3.75 1000
-1.5 -3.75 1000
-1.25 -3.75 1000
-1 -3.75 1000
-0.75 -3.75 1000
-0.5 -3.75 1000
-0.25 -3.75 1000
0 -3.75 1000
0.25 -3.75 1000
0.5 -3.75 1000
0.75 -3.75 1000
1 -3.75 1000
1.25 -3.75 1000
1.5 -3.75 1000
1.75 -3.75 1000
2 -3.75 1000
2.25 -3.75 1000
2.5 -3.75 1000
2.75 -3.75 1000
3 -3.75 1000
3.25 -3.75 1000
3.5 -3.75 1000
3.75 -3.75 1000

-3.75 -3.5 1000
-3.5 -3.5 1000
-3.25 -3.5 1000
-3 -3.5 1000
-2.75 -3.5 1000
-2.5 -3.5 1000
-2.25 -3.5 1000
-2 -3.5 1000
-1.75 -3.5 1000
-1.5 -3.5 1000
-1.25 -3.5 1000
-1 -3.5 1000
-0.75 -3.5 1000
-0.5 -3.5 1000
-0.25 -3.5 1000
0 -3.5 1000
0.25 -3.5 1000
0.5 -3.5 1000
0.75 -3.5 1000
1 -3.5 1000
1.25 -3.5 1000
1.5 -3.5 1000
1.75 -3.5 1000
2 -3.5 1000
2.25 -3.5 1000
2.5 -3.5 1000
2.75 -3.5 1000
3 -3.5 1000
3.25 -3.5 1000
3.5 -3.5 1000
3.75 -3.5 1000

-3.75 -3.25 1000
-3.5 -3.25 1000
-3.25 -3.25 1000
-3 -3.25 1000
-2.75 -3.25 1000
-2.5 -3.25 1000
-2.25 -3.25 1000
-2 -3.25 1000
-1.75 -3.25 1000
-1.5 -3.25 1000
-1.25 -3.25 1000
-1 -3.25 1000
-0.75 -3.25 1000
-0.5 -3.25 1000
-0.25 -3.25 1000
0 -3.25 1000
0.25 -3.25 1000
0.5 -3.25 1000
0.75 -3.25 1000
1 -3.25 1000
1.25 -3.25 1000
1.5 -3.25 1000
1.75 -3.25 1000
2 -3.25 1000
2.25 -3.25 1000
2.5 -3.25 1000
2.75 -3.25 1000
3 -3.25 1000
3.25 -3.25 1000
3.5 -3.25 1000
3.75 -3.25 1000

-3.75 -3 1000
-3.5 -3 1000
-3.25 -3 1000
-3 -3 1000
-2.75 -3 1000
-2.5 -3 1000
-2.25 -3 1000
-2 -3 1000
-1.75 -3 1000
-1.5 -3 1000
-1.25 -3 1000
-1 -3 1000
-0.75 -3 1000
-0.5 -3 1000
-0.25 -3 1000
0 -3 1000
0.25 -3 1000
0.5 -3 1000
0.75 -3 1000
1 -3 1000
1.25 -3 1000
1.5 -3 1000
1.75 -3 1000
2 -3 1000
2.25 -3 1000
2.5 -3 1000
2.75 -3 1000
3 -3 1000
3.25 -3 1000
3.5 -3 1000
3.75 -3 1000

-3.75 -2.75 1000
-3.5 -2.75 1000
-3.25 -2.75 1000
-3 -2.75 1000
-2.75 -2.75 1000
-2.5 -2.75 1000
-2.25 -2.75 1000
-2 -2.75 1000
-1.75 -2.75 1000
-1.5 -2.75 1000
-1.25 -2.75 1000
-1 -2.75 1000
-0.75 -2.75 1000
-0.5 -2.75 1000
-0.25 -2.75 1000
0 -2.75 1000
0.25 -2.75 1000
0.5 -2.75 1000
0.75 -2.75 1000
1 -2.75 1000
1.25 -2.75 1000
1.5 -2.75 1000
1.75 -2.75 1000
2 -2.75 1000
2.25 -2.75 1000
2.5 -2.75 1000
2.75 -2.75 1000
3 -2.75 1000
3.25 -2.75 1000
3.5 -2.75 1000
3.75 -2.75 1000

-3.75 -2.5 1000
-3.5 -2.5 1000
-3.25 -2.5 1000
-3 -2.5 1000
-2.75 -2.5 1000
-2.5 -2.5 1000
-2.25 -2.5 1000
-2 -2.5 1000
-1.75 -2.5 1000
-1.5 -2.5 1000
-1.25 -2.5 1000
-1 -2.5 1000
-0.75 -2.5 1000
-0.5 -2.5 1000
-0.25 -2.5 1000
0 -2.5 1000
0.25 -2.5 1000
0.5 -2.5 1000
0.75 -2.5 1000
1 -2.5 1000
1.25 -2.5 1000
1.5 -2.5 1000
1.75 -2.5 1000
2 -2.5 1000
2.25 -2.5 1000
2.5 -2.5 1000
2.75 -2.5 1000
3 -2.5 1000
3.25 -2.5 1000
3.5 -2.5 1000
3.75 -2.5 1000

-3.75 -2.25 1000
-3.5 -2.25 1000
-3.25 -2.25 1000
-3 -2.25 1000
-2.75 -2.25 1000
-2.5 -2.25 1000
-2.25 -2.25 1000
-2 -2.25 1000
-1.75 -2.25 1000
-1.5 -2.25 1000
-1.25 -2.25 1000
-1 -2.25 1000
-0.75 -2.25 1000
-0.5 -2.25 1000
-0.25 -2.25 1000
0 -2.25 1000
0.25 -2.25 1000
0.5 -2.25 1000
0.75 -2.25 1000
1 -2.25 1000
1.25 -2.25 1000
1.5 -2.25 1000
1.75 -2.25 1000
2 -2.25 1000
2.25 -2.25 1000
2.5 -2.25 1000
2.75 -2.25 1000
3 -2.25 1000
3.25 -2.25 1000
3.5 -2.25 1000
3.75 -2.25 1000

-3.75 -2 1000
-3.5 -2 1000
-3.25 -2 1000
-3 -2 1000
-2.75 -2 1000
-2.5 -2 1000
-2.25 -2 1000
-2 -2 1000
-1.75 -2 1000
-1.5 -2 1000
-1.25 -2 1000
-1 -2 1000
-0.75 -2 1000
-0.5 -2 1000
-0.25 -2 1000
0 -2 1000
0.25 -2 1000
0.5 -2 1000
0.75 -2 1000
1 -2 1000
1.25 -2 1000
1.5 -2 1000
1.75 -2 1000
2 -2 1000
2.25 -2 1000
2.5 -2 1000
2.75 -2 1000
3 -2 1000
3.25 -2 1000
3.5 -2 1000
3.75 -2 1000

-3.75 -1.75 1000
-3.5 -1.75 1000
-3.25 -1.75 1000
-3 -1.75 1000
-2.75 -1.75 1000
-2.5 -1.75 1000
-2.25 -1.75 1000
-2 -1.75 1000
-1.75 -1.75 1000
-1.5 -1.75 1000
-1.25 -1.75 1000
-1 -1.75 1000
-0.75 -1.75 1000
-0.5 -1.75 1000
-0.25 -1.75 1000
0 -1.75 1000
0.25 -1.75 1000
0.5 -1.75 1000
0.75 -1.75 1000
1 -1.75 1000
1.25 -1.75 1000
1.5 -1.75 1000
1.75 -1.75 1000
2 -1.75 1000
2.25 -1.75 1000
2.5 -1.75 1000
2.75 -1.75 1000
3 -1.75 1000
3.25 -1.75 1000
3.5 -1.75 1000
3.75 -1.75 1000

-3.75 -1.5 1000
-3.5 -1.5 1000
-3.25 -1.5 1000
-3 -1.5 1000
-2.75 -1.5 1000
-2.5 -1.5 1000
-2.25 -1.5 1000
-2 -1.5 1000
-1.75 -1.5 1000
-1.5 -1.5 1000
-1.25 -1.5 1000
-1 -1.5 1000
-0.75 -1.5 1000
-0.5 -1.5 1000
-0.25 -1.5 1000
0 -1.5 1000
0.25 -1.5 1000
0.5 -1.5 1000
0.75 -1.5 1000
1 -1.5 1000
1.25 -1.5 1000
1.5 -1.5 1000
1.75 -1.5 1000
2 -1.5 1000
2.25 -1.5 1000
2.5 -1.5 1000
2.75 -1.5 1000
3 -1.5 1000
3.25 -1.5 1000
3.5 -1.5 1000
3.75 -1.5 1000

-3.75 -1.25 1000
-3.5 -1.25 1000
-3.25 -1.25 1000
-3 -1.25 1000
-2.75 -1.25 1000
-2.5 -1.25 1000
-2.25 -1.25 1000
-2 -1.25 1000
-1.75 -1.25 1000
-1.5 -1.25 1000
-1.25 -1.25 1000
-1 -1.25 1000
-0.75 -1.25 1000
-0.5 -1.25 1000
-0.25 -1.25 1000
0 -1.25 1000
0.25 -1.25 1000
0.5 -1.25 1000
0.75 -1.25 1000
1 -1.25 1000
1.25 -1.25 1000
1.5 -1.25 1000
1.75 -1.25 1000
2 -1.25 1000
2.25 -1.25 1000
2.5 -1.25 1000
2.75 -1.25 1000
3 -1.25 1000
3.25 -1.25 1000
3.5 -1.25 1000
3.75 -1.25 1000

-3.75 -1 1000
-3.5 -1 1000
-3.25 -1 1000
-3 -1 1000
-2.75 -1 1000
-2.5 -1 1000
-2.25 -1 1000
-2 -1 1000
-1.75 -1 1000
-1.5 -1 1000
-1.25 -1 1000
-1 -1 1000
-0.75 -1 1000
-0.5 -1 1000
-0.25 -1 1000
0 -1 1000
0.25 -1 1000
0.5 -1 1000
0.75 -1 1000
1 -1 1000
1.25 -1 1000
1.5 -1 1000
1.75 -1 1000
2 -1 1000
2.25 -1 1000
2.5 -1 1000
2.75 -1 1000
3 -1 1000
3.25 -1 1000
3.5 -1 1000
3.75 -1 1000

-3.75 -0.75 1000
-3.5 -0.75 1000
-3.25 -0.75 1000
-3 -0.75 1000
-2.75 -0.75 1000
-2.5 -0.75 1000
-2.25 -0.75 1000
-2 -0.75 1000
-1.75 -0.75 1000
-1.5 -0.75 1000
-1.25 -0.75 1000
-1 -0.75 1000
-0.75 -0.75 1000
-0.5 -0.75 1000
-0.25 -0.75 1000
0 -0.75 1000
0.25 -0.75 1000
0.5 -0.75 1000
0.75 -0.75 1000
1 -0.75 1000
1.25 -0.75 1000
1.5 -0.75 1000
1.75 -0.75 1000
2 -0.75 1000
2.25 -0.75 1000
2.5 -0.75 1000
2.75 -0.75 1000
3 -0.75 1000
3.25 -0.75 1000
3.5 -0.75 1000
3.75 -0.75 1000

-3.75 -0.5 1000
-3.5 -0.5 1000
-3.25 -0.5 1000
-3 -0.5 1000
-2.75 -0.5 1000
-2.5 -0.5 1000
-2.25 -0.5 1000
-2 -0.5 1000
-1.75 -0.5 1000
-1.5 -0.5 1000
-1.25 -0.5 1000
-1 -0.5 1000
-0.75 -0.5 1000
-0.5 -0.5 1000
-0.25 -0.5 1000
0 -0.5 1000
0.25 -0.5 1000
0.5 -0.5 1000
0.75 -0.5 1000
1 -0.5 1000
1.25 -0.5 1000
1.5 -0.5 1000
1.75 -0.5 1000
2 -0.5 1000
2.25 -0.5 1000
2.5 -0.5 1000
2.75 -0.5 1000
3 -0.5 1000
3.25 -0.5 1000
3.5 -0.5 1000
3.75 -0.5 1000

-3.75 -0.25 1000
-3.5 -0.25 1000
-3.25 -0.25 1000
-3 -0.25 1000
-2.75 -0.25 1000
-2.5 -0.25 1000
-2.25 -0.25 1000
-2 -0.25 1000
-1.75 -0.25 1000
-1.5 -0.25 1000
-1.25 -0.25 1000
-1 -0.25 1000
-0.75 -0.25 1000
-0.5 -0.25 1000
-0.25 -0.25 1000
0 -0.25 1000
0.25 -0.25 1000
0.5 -0.25 1000
0.75 -0.25 1000
1 -0.25 1000
1.25 -0.25 1000
1.5 -0.25 1000
1.75 -0.25 1000
2 -0.25 1000
2.25 -0.25 1000
2.5 -0.25 1000
2.75 -0.25 1000
3 -0.25 1000
3.25 -0.25 1000
3.5 -0.25 1000
3.75 -0.25 1000

-3.75 0 1000
-3.5 0 1000
-3.25 0 1000
-3 0 1000
-2.75 0 1000
-2.5 0 1000
-2.25 0 1000
-2 0 1000
-1.75 0 1000
-1.5 0 1000
-1.25 0 1000
-1 0 1000
-0.75 0 1000
-0.5 0 1000
-0.25 0 1000
0 0 1000
0.25 0 1000
0.5 0 1000
0.75 0 1000
1 0 1000
1.25 0 1000
1.5 0 1000
1.75 0 1000
2 0 1000
2.25 0 1000
2.5 0 1000
2.75 0 1000
3 0 1000
3.25 0 1000
3.5 0 1000
3.75 0 1000

-3.75 0.25 1000
-3.5 0.25 1000
-3.25 0.25 1000
-3 0.25 1000
-2.75 0.25 1000
-2.5 0.25 1000
-2.25 0.25 1000
-2 0.25 1000
-1.75 0.25 1000
-1.5 0.25 1000
-1.25 0.25 1000
-1 0.25 1000
-0.75 0.25 1000
-0.5 0.25 1000
-0.25 0.25 1000
0 0.25 1000
0.25 0.25 1000
0.5 0.25 1000
0.75 0.25 1000
1 0.25 1000
1.25 0.25 1000
1.5 0.25 1000
1.75 0.25 1000
2 0.25 1000
2.25 0.25 1000
2.5 0.25 1000
2.75 0.25 1000
3 0.25 1000
3.25 0.25 1000
3.5 0.25 1000
3.75 0.25 1000

-3.75 0.5 1000
-3.5 0.5 1000
-3.25 0.5 1000
-3 0.5 1000
-2.75 0.5 1000
-2.5 0.5 1000
-2.25 0.5 1000
-2 0.5 1000
-1.75 0.5 1000
-1.5 0.5 1000
-1.25 0.5 1000
-1 0.5 1000
-0.75 0.5 1000
-0.5 0.5 1000
-0.25 0.5 1000
0 0.5 1000
0.25 0.5 1000
0.5 0.5 1000
0.75 0.5 1000
1 0.5 1000
1.25 0.5 1000
1.5 0.5 1000
1.75 0.5 1000
2 0.5 1000
2.25 0.5 1000
2.5 0.5 1000
2.75 0.5 1000
3 0.5 1000
3.25 0.5 1000
3.5 0.5 1000
3.75 0.5 1000

-3.75 0.75 1000
-3.5 0.75 1000
-3.25 0.75 1000
-3 0.75 1000
-2.75 0.75 1000
-2.5 0.75 1000
-2.25 0.75 1000
-2 0.75 1000
-1.75 0.75 1000
-1.5 0.75 1000
-1.25 0.75 1000
-1 0.75 1000
-0.75 0.75 1000
-0.5 0.75 1000
-0.25 0.75 1000
0 0.75 1000
0.25 0.75 1000
0.5 0.75 1000
0.75 0.75 1000
1 0.75 1000
1.25 0.75 1000
1.5 0.75 1000
1.75 0.75 1000
2 0.75 1000
2.25 0.75 1000
2.5 0.75 1000
2.75 0.75 1000
3 0.75 1000
3.25 0.75 1000
3.5 0.75 1000
3.75 0.75 1000

-3.75 1 1000
-3.5 1 1000
-3.25 1 1000
-3 1 1000
-2.75 1 1000
-2.5 1 1000
-2.25 1 1000
-2 1 1000
-1.75 1 1000
-1.5 1 1000
-1.25 1 1000
-1 1 1000
-0.75 1 1000
-0.5 1 1000
-0.25 1 1000
0 1 1000
0.25 1 1000
0.5 1 1000
0.75 1 1000
1 1 1000
1.25 1 1000
1.5 1 1000
1.75 1 1000
2 1 1000
2.25 1 1000
2.5 1 1000
2.75 1 1000
3 1 1000
3.25 1 1000
3.5 1 1000
3.75 1 1000

-3.75 1.25 1000
-3.5 1.25 1000
-3.25 1.25 1000
-3 1.25 1000
-2.75 1.25 1000
-2.5 1.25 1000
-2.25 1.25 1000
-2 1.25 1000
-1.75 1.25 1000
-1.5 1.25 1000
-1.25 1.25 1000
-1 1.25 1000
-0.75 1.25 1000
-0.5 1.25 1000
-0.25 1.25 1000
0 1.25 1000
0.25 1.25 1000
0.5 1.25 1000
0.75 1.25 1000
1 1.25 1000
1.25 1.25 1000
1.5 1.25 1000
1.75 1.25 1000
2 1.25 1000
2.25 1.25 1000
2.5 1.25 1000
2.75 1.25 1000
3 1.25 1000
3.25 1.25 1000
3.5 1.25 1000
3.75 1.25 1000

-3.75 1.5 1000
-3.5 1.5 1000
-3.25 1.5 1000
-3 1.5 1000
-2.75 1.5 1000
-2.5 1.5 1000
-2.25 1.5 1000
-2 1.5 1000
-1.75 1.5 1000
-1.5 1.5 1000
-1.25 1.5 1000
-1 1.5 1000
-0.75 1.5 1000
-0.5 1.5 1000
-0.25 1.5 1000
0 1.5 1000
0.25 1.5 1000
0.5 1.5 1000
0.75 1.5 1000
1 1.5 1000
1.25 1.5 1000
1.5 1.5 1000
1.75 1.5 1000
2 1.5 1000
2.25 1.5 1000
2.5 1.5 1000
2.75 1.5 1000
3 1.5 1000
3.25 1.5 1000
3.5 1.5 1000
3.75 1.5 1000

-3.75 1.75 1000
-3.5 1.75 1000
-3.25 1.75 1000
-3 1.75 1000
-2.75 1.75 1000
-2.5 1.75 1000
-2.25 1.75 1000
-2 1.75 1000
-1.75 1.75 1000
-1.5 1.75 1000
-1.25 1.75 1000
-1 1.75 1000
-0.75 1.75 1000
-0.5 1.75 1000
-0.25 1.75 1000
0 1.75 1000
0.25 1.75 1000
0.5 1.75 1000
0.75 1.75 1000
1 1.75 1000
1.25 1.75 1000
1.5 1.75 1000
1.75 1.75 1000
2 1.75 1000
2.25 1.75 1000
2.5 1.75 1000
2.75 1.75 1000
3 1.75 1000
3.25 1.75 1000
3.5 1.75 1000
3.75 1.75 1000

-3.75 2 1000
-3.5 2 1000
-3.25 2 1000
-3 2 1000
-2.75 2 1000
-2.5 2 1000
-2.25 2 1000
-2 2 1000
-1.75 2 1000
-1.5 2 1000
-1.25 2 1000
-1 2 1000
-0.75 2 1000
-0.5 2 1000
-0.25 2 1000
0 2 1000
0.25 2 1000
0.5 2 1000
0.75 2 1000
1 2 1000
1.25 2 1000
1.5 2 1000
1.75 2 1000
2 2 1000
2.25 2 1000
2.5 2 1000
2.75 2 1000
3 2 1000
3.25 2 1000
3.5 2 1000
3.75 2 1000

-3.75 2.25 1000
-3.5 2.25 1000
-3.25 2.25 1000
-3 2.25 1000
-2.75 2.25 1000
-2.5 2.25 1000
-2.25 2.25 1000
-2 2.25 1000
-1.75 2.25 1000
-1.5 2.25 1000
-1.25 2.25 1000
-1 2.25 1000
-0.75 2.25 1000
-0.5 2.25 1000
-0.25 2.25 1000
0 2.25 1000
0.25 2.25 1000
0.5 2.25 1000
0.75 2.25 1000
1 2.25 1000
1.25 2.25 1000
1.5 2.25 1000
1.75 2.25 1000
2 2.25 1000
2.25 2.25 1000
2.5 2.25 1000
2.75 2.25 1000
3 2.25 1000
3.25 2.25 1000
3.5 2.25 1000
3.75 2.25 1000

-3.75 2.5 1000
-3.5 2.5 1000
-3.25 2.5 1000
-3 2.5 1000
-2.75 2.5 1000
-2.5 2.5 1000
-2.25 2.5 1000
-2 2.5 1000
-1.75 2.5 1000
-1.5 2.5 1000
-1.25 2.5 1000
-1 2.5 1000
-0.75 2.5 1000
-0.5 2.5 1000
-0.25 2.5 1000
0 2.5 1000
0.25 2.5 1000
0.5 2.5 1000
0.75 2.5 1000
1 2.5 1000
1.25 2.5 1000
1.5 2.5 1000
1.75 2.5 1000
2 2.5 1000
2.25 2.5 1000
2.5 2.5 1000
2.75 2.5 1000
3 2.5 1000
3.25 2.5 1000
3.5 2.5 1000
3.75 2.5 1000

-3.75 2.75 1000
-3.5 2.75 1000
-3.25 2.75 1000
-3 2.75 1000
-2.75 2.75 1000
-2.5 2.75 1000
-2.25 2.75 1000
-2 2.75 1000
-1.75 2.75 1000
-1.5 2.75 1000
-1.25 2.75 1000
-1 2.75 1000
-0.75 2.75 1000
-0.5 2.75 1000
-0.25 2.75 1000
0 2.75 1000
0.25 2.75 1000
0.5 2.75 1000
0.75 2.75 1000
1 2.75 1000
1.25 2.75 1000
1.5 2.75 1000
1.75 2.75 1000
2 2.75 1000
2.25 2.75 1000
2.5 2.75 1000
2.75 2.75 1000
3 2.75 1000
3.25 2.75 1000
3.5 2.75 1000
3.75 2.75 1000

-3.75 3 1000
-3.5 3 1000
-3.25 3 1000
-3 3 1000
-2.75 3 1000
-2.5 3 1000
-2.25 3 1000
-2 3 1000
-1.75 3 1000
-1.5 3 1000
-1.25 3 1000
-1 3 1000
-0.75 3 1000
-0.5 3 1000
-0.25 3 1000
0 3 1000
0.25 3 1000
0.5 3 1000
0.75 3 1000
1 3 1000
1.25 3 1000
1.5 3 1000
1.75 3 1000
2 3 1000
2.25 3 1000
2.5 3 1000
2.75 3 1000
3 3 1000
3.25 3 1000
3.5 3 1000
3.75 3 1000

-3.75 3.25 1000
-3.5 3.25 1000
-3.25 3.25 1000
-3 3.25 1000
-2.75 3.25 1000
-2.5 3.25 1000
-2.25 3.25 1000
-2 3.25 1000
-1.75 3.25 1000
-1.5 3.25 1000
-1.25 3.25 1000
-1 3.25 1000
-0.75 3.25 1000
-0.5 3.25 1000
-0.25 3.25 1000
0 3.25 1000
0.25 3.25 1000
0.5 3.25 1000
0.75 3.25 1000
1 3.25 1000
1.25 3.25 1000
1.5 3.25 1000
1.75 3.25 1000
2 3.25 1000
2.25 3.25 1000
2.5 3.25 1000
2.75 3.25 1000
3 3.25 1000
3.25 3.25 1000
3.5 3.25 1000
3.75 3.25 1000

-3.75 3.5 1000
-3.5 3.5 1000
-3.25 3.5 1000
-3 3.5 1000
-2.75 3.5 1000
-2.5 3.5 1000
-2.25 3.5 1000
-2 3.5 1000
-1.75 3.5 1000
-1.5 3.5 1000
-1.25 3.5 1000
-1 3.5 1000
-0.75 3.5 1000
-0.5 3.5 1000
-0.25 3.5 1000
0 3.5 1000
0.25 3.5 1000
0.5 3.5 1000
0.75 3.5 1000
1 3.5 1000
1.25 3.5 1000
1.5 3.5 1000
1.75 3.5 1000
2 3.5 1000
2.25 3.5 1000
2.5 3.5 1000
2.75 3.5 1000
3 3.5 1000
3.25 3.5 1000
3.5 3.5 1000
3.75 3.5 1000

-3.75 3.75 1000
-3.5 3.75 1000
-3.25 3.75 1000
-3 3.75 1000
-2.75 3.75 1000
-2.5 3.75 1000
-2.25 3.75 1000
-2 3.75 1000
-1.75 3.75 1000
-1.5 3.75 1000
-1.25 3.75 1000
-1 3.75 1000
-0.75 3.75 1000
-0.5 3.75 1000
-0.25 3.75 1000
0 3.75 1000
0.25 3.75 1000
0.5 3.75 1000
0.75 3.75 1000
1 3.75 1000
1.25 3.75 1000
1.5 3.75 1000
1.75 3.75 1000
2 3.75 1000
2.25 3.75 1000
2.5 3.75 1000
2.75 3.75 1000
3 3.75 1000
3.25 3.75 1000
3.5 3.75 1000
3.75 3.75 1000

