# Grid generated with tessgrd 1.1.1:
#   local time: Thu Aug  7 09:46:11 2014
#   args: -r-0.00075/0.00075/-0.00075/0.00075 -b31/31 -z1.11
#   grid spacing: 0.0000500000 lon / 0.0000500000 lat
#   total 961 points
-0.00075 -0.00075 1.11
-0.0007 -0.00075 1.11
-0.00065 -0.00075 1.11
-0.0006 -0.00075 1.11
-0.00055 -0.00075 1.11
-0.0005 -0.00075 1.11
-0.00045 -0.00075 1.11
-0.0004 -0.00075 1.11
-0.00035 -0.00075 1.11
-0.0003 -0.00075 1.11
-0.00025 -0.00075 1.11
-0.0002 -0.00075 1.11
-0.00015 -0.00075 1.11
-9.99999999999998e-05 -0.00075 1.11
-4.99999999999998e-05 -0.00075 1.11
2.03287907341032e-19 -0.00075 1.11
5.00000000000002e-05 -0.00075 1.11
0.0001 -0.00075 1.11
0.00015 -0.00075 1.11
0.0002 -0.00075 1.11
0.00025 -0.00075 1.11
0.0003 -0.00075 1.11
0.00035 -0.00075 1.11
0.0004 -0.00075 1.11
0.00045 -0.00075 1.11
0.0005 -0.00075 1.11
0.00055 -0.00075 1.11
0.0006 -0.00075 1.11
0.00065 -0.00075 1.11
0.0007 -0.00075 1.11
0.00075 -0.00075 1.11

-0.00075 -0.0007 1.11
-0.0007 -0.0007 1.11
-0.00065 -0.0007 1.11
-0.0006 -0.0007 1.11
-0.00055 -0.0007 1.11
-0.0005 -0.0007 1.11
-0.00045 -0.0007 1.11
-0.0004 -0.0007 1.11
-0.00035 -0.0007 1.11
-0.0003 -0.0007 1.11
-0.00025 -0.0007 1.11
-0.0002 -0.0007 1.11
-0.00015 -0.0007 1.11
-9.99999999999998e-05 -0.0007 1.11
-4.99999999999998e-05 -0.0007 1.11
2.03287907341032e-19 -0.0007 1.11
5.00000000000002e-05 -0.0007 1.11
0.0001 -0.0007 1.11
0.00015 -0.0007 1.11
0.0002 -0.0007 1.11
0.00025 -0.0007 1.11
0.0003 -0.0007 1.11
0.00035 -0.0007 1.11
0.0004 -0.0007 1.11
0.00045 -0.0007 1.11
0.0005 -0.0007 1.11
0.00055 -0.0007 1.11
0.0006 -0.0007 1.11
0.00065 -0.0007 1.11
0.0007 -0.0007 1.11
0.00075 -0.0007 1.11

-0.00075 -0.00065 1.11
-0.0007 -0.00065 1.11
-0.00065 -0.00065 1.11
-0.0006 -0.00065 1.11
-0.00055 -0.00065 1.11
-0.0005 -0.00065 1.11
-0.00045 -0.00065 1.11
-0.0004 -0.00065 1.11
-0.00035 -0.00065 1.11
-0.0003 -0.00065 1.11
-0.00025 -0.00065 1.11
-0.0002 -0.00065 1.11
-0.00015 -0.00065 1.11
-9.99999999999998e-05 -0.00065 1.11
-4.99999999999998e-05 -0.00065 1.11
2.03287907341032e-19 -0.00065 1.11
5.00000000000002e-05 -0.00065 1.11
0.0001 -0.00065 1.11
0.00015 -0.00065 1.11
0.0002 -0.00065 1.11
0.00025 -0.00065 1.11
0.0003 -0.00065 1.11
0.00035 -0.00065 1.11
0.0004 -0.00065 1.11
0.00045 -0.00065 1.11
0.0005 -0.00065 1.11
0.00055 -0.00065 1.11
0.0006 -0.00065 1.11
0.00065 -0.00065 1.11
0.0007 -0.00065 1.11
0.00075 -0.00065 1.11

-0.00075 -0.0006 1.11
-0.0007 -0.0006 1.11
-0.00065 -0.0006 1.11
-0.0006 -0.0006 1.11
-0.00055 -0.0006 1.11
-0.0005 -0.0006 1.11
-0.00045 -0.0006 1.11
-0.0004 -0.0006 1.11
-0.00035 -0.0006 1.11
-0.0003 -0.0006 1.11
-0.00025 -0.0006 1.11
-0.0002 -0.0006 1.11
-0.00015 -0.0006 1.11
-9.99999999999998e-05 -0.0006 1.11
-4.99999999999998e-05 -0.0006 1.11
2.03287907341032e-19 -0.0006 1.11
5.00000000000002e-05 -0.0006 1.11
0.0001 -0.0006 1.11
0.00015 -0.0006 1.11
0.0002 -0.0006 1.11
0.00025 -0.0006 1.11
0.0003 -0.0006 1.11
0.00035 -0.0006 1.11
0.0004 -0.0006 1.11
0.00045 -0.0006 1.11
0.0005 -0.0006 1.11
0.00055 -0.0006 1.11
0.0006 -0.0006 1.11
0.00065 -0.0006 1.11
0.0007 -0.0006 1.11
0.00075 -0.0006 1.11

-0.00075 -0.00055 1.11
-0.0007 -0.00055 1.11
-0.00065 -0.00055 1.11
-0.0006 -0.00055 1.11
-0.00055 -0.00055 1.11
-0.0005 -0.00055 1.11
-0.00045 -0.00055 1.11
-0.0004 -0.00055 1.11
-0.00035 -0.00055 1.11
-0.0003 -0.00055 1.11
-0.00025 -0.00055 1.11
-0.0002 -0.00055 1.11
-0.00015 -0.00055 1.11
-9.99999999999998e-05 -0.00055 1.11
-4.99999999999998e-05 -0.00055 1.11
2.03287907341032e-19 -0.00055 1.11
5.00000000000002e-05 -0.00055 1.11
0.0001 -0.00055 1.11
0.00015 -0.00055 1.11
0.0002 -0.00055 1.11
0.00025 -0.00055 1.11
0.0003 -0.00055 1.11
0.00035 -0.00055 1.11
0.0004 -0.00055 1.11
0.00045 -0.00055 1.11
0.0005 -0.00055 1.11
0.00055 -0.00055 1.11
0.0006 -0.00055 1.11
0.00065 -0.00055 1.11
0.0007 -0.00055 1.11
0.00075 -0.00055 1.11

-0.00075 -0.0005 1.11
-0.0007 -0.0005 1.11
-0.00065 -0.0005 1.11
-0.0006 -0.0005 1.11
-0.00055 -0.0005 1.11
-0.0005 -0.0005 1.11
-0.00045 -0.0005 1.11
-0.0004 -0.0005 1.11
-0.00035 -0.0005 1.11
-0.0003 -0.0005 1.11
-0.00025 -0.0005 1.11
-0.0002 -0.0005 1.11
-0.00015 -0.0005 1.11
-9.99999999999998e-05 -0.0005 1.11
-4.99999999999998e-05 -0.0005 1.11
2.03287907341032e-19 -0.0005 1.11
5.00000000000002e-05 -0.0005 1.11
0.0001 -0.0005 1.11
0.00015 -0.0005 1.11
0.0002 -0.0005 1.11
0.00025 -0.0005 1.11
0.0003 -0.0005 1.11
0.00035 -0.0005 1.11
0.0004 -0.0005 1.11
0.00045 -0.0005 1.11
0.0005 -0.0005 1.11
0.00055 -0.0005 1.11
0.0006 -0.0005 1.11
0.00065 -0.0005 1.11
0.0007 -0.0005 1.11
0.00075 -0.0005 1.11

-0.00075 -0.00045 1.11
-0.0007 -0.00045 1.11
-0.00065 -0.00045 1.11
-0.0006 -0.00045 1.11
-0.00055 -0.00045 1.11
-0.0005 -0.00045 1.11
-0.00045 -0.00045 1.11
-0.0004 -0.00045 1.11
-0.00035 -0.00045 1.11
-0.0003 -0.00045 1.11
-0.00025 -0.00045 1.11
-0.0002 -0.00045 1.11
-0.00015 -0.00045 1.11
-9.99999999999998e-05 -0.00045 1.11
-4.99999999999998e-05 -0.00045 1.11
2.03287907341032e-19 -0.00045 1.11
5.00000000000002e-05 -0.00045 1.11
0.0001 -0.00045 1.11
0.00015 -0.00045 1.11
0.0002 -0.00045 1.11
0.00025 -0.00045 1.11
0.0003 -0.00045 1.11
0.00035 -0.00045 1.11
0.0004 -0.00045 1.11
0.00045 -0.00045 1.11
0.0005 -0.00045 1.11
0.00055 -0.00045 1.11
0.0006 -0.00045 1.11
0.00065 -0.00045 1.11
0.0007 -0.00045 1.11
0.00075 -0.00045 1.11

-0.00075 -0.0004 1.11
-0.0007 -0.0004 1.11
-0.00065 -0.0004 1.11
-0.0006 -0.0004 1.11
-0.00055 -0.0004 1.11
-0.0005 -0.0004 1.11
-0.00045 -0.0004 1.11
-0.0004 -0.0004 1.11
-0.00035 -0.0004 1.11
-0.0003 -0.0004 1.11
-0.00025 -0.0004 1.11
-0.0002 -0.0004 1.11
-0.00015 -0.0004 1.11
-9.99999999999998e-05 -0.0004 1.11
-4.99999999999998e-05 -0.0004 1.11
2.03287907341032e-19 -0.0004 1.11
5.00000000000002e-05 -0.0004 1.11
0.0001 -0.0004 1.11
0.00015 -0.0004 1.11
0.0002 -0.0004 1.11
0.00025 -0.0004 1.11
0.0003 -0.0004 1.11
0.00035 -0.0004 1.11
0.0004 -0.0004 1.11
0.00045 -0.0004 1.11
0.0005 -0.0004 1.11
0.00055 -0.0004 1.11
0.0006 -0.0004 1.11
0.00065 -0.0004 1.11
0.0007 -0.0004 1.11
0.00075 -0.0004 1.11

-0.00075 -0.00035 1.11
-0.0007 -0.00035 1.11
-0.00065 -0.00035 1.11
-0.0006 -0.00035 1.11
-0.00055 -0.00035 1.11
-0.0005 -0.00035 1.11
-0.00045 -0.00035 1.11
-0.0004 -0.00035 1.11
-0.00035 -0.00035 1.11
-0.0003 -0.00035 1.11
-0.00025 -0.00035 1.11
-0.0002 -0.00035 1.11
-0.00015 -0.00035 1.11
-9.99999999999998e-05 -0.00035 1.11
-4.99999999999998e-05 -0.00035 1.11
2.03287907341032e-19 -0.00035 1.11
5.00000000000002e-05 -0.00035 1.11
0.0001 -0.00035 1.11
0.00015 -0.00035 1.11
0.0002 -0.00035 1.11
0.00025 -0.00035 1.11
0.0003 -0.00035 1.11
0.00035 -0.00035 1.11
0.0004 -0.00035 1.11
0.00045 -0.00035 1.11
0.0005 -0.00035 1.11
0.00055 -0.00035 1.11
0.0006 -0.00035 1.11
0.00065 -0.00035 1.11
0.0007 -0.00035 1.11
0.00075 -0.00035 1.11

-0.00075 -0.0003 1.11
-0.0007 -0.0003 1.11
-0.00065 -0.0003 1.11
-0.0006 -0.0003 1.11
-0.00055 -0.0003 1.11
-0.0005 -0.0003 1.11
-0.00045 -0.0003 1.11
-0.0004 -0.0003 1.11
-0.00035 -0.0003 1.11
-0.0003 -0.0003 1.11
-0.00025 -0.0003 1.11
-0.0002 -0.0003 1.11
-0.00015 -0.0003 1.11
-9.99999999999998e-05 -0.0003 1.11
-4.99999999999998e-05 -0.0003 1.11
2.03287907341032e-19 -0.0003 1.11
5.00000000000002e-05 -0.0003 1.11
0.0001 -0.0003 1.11
0.00015 -0.0003 1.11
0.0002 -0.0003 1.11
0.00025 -0.0003 1.11
0.0003 -0.0003 1.11
0.00035 -0.0003 1.11
0.0004 -0.0003 1.11
0.00045 -0.0003 1.11
0.0005 -0.0003 1.11
0.00055 -0.0003 1.11
0.0006 -0.0003 1.11
0.00065 -0.0003 1.11
0.0007 -0.0003 1.11
0.00075 -0.0003 1.11

-0.00075 -0.00025 1.11
-0.0007 -0.00025 1.11
-0.00065 -0.00025 1.11
-0.0006 -0.00025 1.11
-0.00055 -0.00025 1.11
-0.0005 -0.00025 1.11
-0.00045 -0.00025 1.11
-0.0004 -0.00025 1.11
-0.00035 -0.00025 1.11
-0.0003 -0.00025 1.11
-0.00025 -0.00025 1.11
-0.0002 -0.00025 1.11
-0.00015 -0.00025 1.11
-9.99999999999998e-05 -0.00025 1.11
-4.99999999999998e-05 -0.00025 1.11
2.03287907341032e-19 -0.00025 1.11
5.00000000000002e-05 -0.00025 1.11
0.0001 -0.00025 1.11
0.00015 -0.00025 1.11
0.0002 -0.00025 1.11
0.00025 -0.00025 1.11
0.0003 -0.00025 1.11
0.00035 -0.00025 1.11
0.0004 -0.00025 1.11
0.00045 -0.00025 1.11
0.0005 -0.00025 1.11
0.00055 -0.00025 1.11
0.0006 -0.00025 1.11
0.00065 -0.00025 1.11
0.0007 -0.00025 1.11
0.00075 -0.00025 1.11

-0.00075 -0.0002 1.11
-0.0007 -0.0002 1.11
-0.00065 -0.0002 1.11
-0.0006 -0.0002 1.11
-0.00055 -0.0002 1.11
-0.0005 -0.0002 1.11
-0.00045 -0.0002 1.11
-0.0004 -0.0002 1.11
-0.00035 -0.0002 1.11
-0.0003 -0.0002 1.11
-0.00025 -0.0002 1.11
-0.0002 -0.0002 1.11
-0.00015 -0.0002 1.11
-9.99999999999998e-05 -0.0002 1.11
-4.99999999999998e-05 -0.0002 1.11
2.03287907341032e-19 -0.0002 1.11
5.00000000000002e-05 -0.0002 1.11
0.0001 -0.0002 1.11
0.00015 -0.0002 1.11
0.0002 -0.0002 1.11
0.00025 -0.0002 1.11
0.0003 -0.0002 1.11
0.00035 -0.0002 1.11
0.0004 -0.0002 1.11
0.00045 -0.0002 1.11
0.0005 -0.0002 1.11
0.00055 -0.0002 1.11
0.0006 -0.0002 1.11
0.00065 -0.0002 1.11
0.0007 -0.0002 1.11
0.00075 -0.0002 1.11

-0.00075 -0.00015 1.11
-0.0007 -0.00015 1.11
-0.00065 -0.00015 1.11
-0.0006 -0.00015 1.11
-0.00055 -0.00015 1.11
-0.0005 -0.00015 1.11
-0.00045 -0.00015 1.11
-0.0004 -0.00015 1.11
-0.00035 -0.00015 1.11
-0.0003 -0.00015 1.11
-0.00025 -0.00015 1.11
-0.0002 -0.00015 1.11
-0.00015 -0.00015 1.11
-9.99999999999998e-05 -0.00015 1.11
-4.99999999999998e-05 -0.00015 1.11
2.03287907341032e-19 -0.00015 1.11
5.00000000000002e-05 -0.00015 1.11
0.0001 -0.00015 1.11
0.00015 -0.00015 1.11
0.0002 -0.00015 1.11
0.00025 -0.00015 1.11
0.0003 -0.00015 1.11
0.00035 -0.00015 1.11
0.0004 -0.00015 1.11
0.00045 -0.00015 1.11
0.0005 -0.00015 1.11
0.00055 -0.00015 1.11
0.0006 -0.00015 1.11
0.00065 -0.00015 1.11
0.0007 -0.00015 1.11
0.00075 -0.00015 1.11

-0.00075 -9.99999999999998e-05 1.11
-0.0007 -9.99999999999998e-05 1.11
-0.00065 -9.99999999999998e-05 1.11
-0.0006 -9.99999999999998e-05 1.11
-0.00055 -9.99999999999998e-05 1.11
-0.0005 -9.99999999999998e-05 1.11
-0.00045 -9.99999999999998e-05 1.11
-0.0004 -9.99999999999998e-05 1.11
-0.00035 -9.99999999999998e-05 1.11
-0.0003 -9.99999999999998e-05 1.11
-0.00025 -9.99999999999998e-05 1.11
-0.0002 -9.99999999999998e-05 1.11
-0.00015 -9.99999999999998e-05 1.11
-9.99999999999998e-05 -9.99999999999998e-05 1.11
-4.99999999999998e-05 -9.99999999999998e-05 1.11
2.03287907341032e-19 -9.99999999999998e-05 1.11
5.00000000000002e-05 -9.99999999999998e-05 1.11
0.0001 -9.99999999999998e-05 1.11
0.00015 -9.99999999999998e-05 1.11
0.0002 -9.99999999999998e-05 1.11
0.00025 -9.99999999999998e-05 1.11
0.0003 -9.99999999999998e-05 1.11
0.00035 -9.99999999999998e-05 1.11
0.0004 -9.99999999999998e-05 1.11
0.00045 -9.99999999999998e-05 1.11
0.0005 -9.99999999999998e-05 1.11
0.00055 -9.99999999999998e-05 1.11
0.0006 -9.99999999999998e-05 1.11
0.00065 -9.99999999999998e-05 1.11
0.0007 -9.99999999999998e-05 1.11
0.00075 -9.99999999999998e-05 1.11

-0.00075 -4.99999999999998e-05 1.11
-0.0007 -4.99999999999998e-05 1.11
-0.00065 -4.99999999999998e-05 1.11
-0.0006 -4.99999999999998e-05 1.11
-0.00055 -4.99999999999998e-05 1.11
-0.0005 -4.99999999999998e-05 1.11
-0.00045 -4.99999999999998e-05 1.11
-0.0004 -4.99999999999998e-05 1.11
-0.00035 -4.99999999999998e-05 1.11
-0.0003 -4.99999999999998e-05 1.11
-0.00025 -4.99999999999998e-05 1.11
-0.0002 -4.99999999999998e-05 1.11
-0.00015 -4.99999999999998e-05 1.11
-9.99999999999998e-05 -4.99999999999998e-05 1.11
-4.99999999999998e-05 -4.99999999999998e-05 1.11
2.03287907341032e-19 -4.99999999999998e-05 1.11
5.00000000000002e-05 -4.99999999999998e-05 1.11
0.0001 -4.99999999999998e-05 1.11
0.00015 -4.99999999999998e-05 1.11
0.0002 -4.99999999999998e-05 1.11
0.00025 -4.99999999999998e-05 1.11
0.0003 -4.99999999999998e-05 1.11
0.00035 -4.99999999999998e-05 1.11
0.0004 -4.99999999999998e-05 1.11
0.00045 -4.99999999999998e-05 1.11
0.0005 -4.99999999999998e-05 1.11
0.00055 -4.99999999999998e-05 1.11
0.0006 -4.99999999999998e-05 1.11
0.00065 -4.99999999999998e-05 1.11
0.0007 -4.99999999999998e-05 1.11
0.00075 -4.99999999999998e-05 1.11

-0.00075 2.03287907341032e-19 1.11
-0.0007 2.03287907341032e-19 1.11
-0.00065 2.03287907341032e-19 1.11
-0.0006 2.03287907341032e-19 1.11
-0.00055 2.03287907341032e-19 1.11
-0.0005 2.03287907341032e-19 1.11
-0.00045 2.03287907341032e-19 1.11
-0.0004 2.03287907341032e-19 1.11
-0.00035 2.03287907341032e-19 1.11
-0.0003 2.03287907341032e-19 1.11
-0.00025 2.03287907341032e-19 1.11
-0.0002 2.03287907341032e-19 1.11
-0.00015 2.03287907341032e-19 1.11
-9.99999999999998e-05 2.03287907341032e-19 1.11
-4.99999999999998e-05 2.03287907341032e-19 1.11
2.03287907341032e-19 2.03287907341032e-19 1.11
5.00000000000002e-05 2.03287907341032e-19 1.11
0.0001 2.03287907341032e-19 1.11
0.00015 2.03287907341032e-19 1.11
0.0002 2.03287907341032e-19 1.11
0.00025 2.03287907341032e-19 1.11
0.0003 2.03287907341032e-19 1.11
0.00035 2.03287907341032e-19 1.11
0.0004 2.03287907341032e-19 1.11
0.00045 2.03287907341032e-19 1.11
0.0005 2.03287907341032e-19 1.11
0.00055 2.03287907341032e-19 1.11
0.0006 2.03287907341032e-19 1.11
0.00065 2.03287907341032e-19 1.11
0.0007 2.03287907341032e-19 1.11
0.00075 2.03287907341032e-19 1.11

-0.00075 5.00000000000002e-05 1.11
-0.0007 5.00000000000002e-05 1.11
-0.00065 5.00000000000002e-05 1.11
-0.0006 5.00000000000002e-05 1.11
-0.00055 5.00000000000002e-05 1.11
-0.0005 5.00000000000002e-05 1.11
-0.00045 5.00000000000002e-05 1.11
-0.0004 5.00000000000002e-05 1.11
-0.00035 5.00000000000002e-05 1.11
-0.0003 5.00000000000002e-05 1.11
-0.00025 5.00000000000002e-05 1.11
-0.0002 5.00000000000002e-05 1.11
-0.00015 5.00000000000002e-05 1.11
-9.99999999999998e-05 5.00000000000002e-05 1.11
-4.99999999999998e-05 5.00000000000002e-05 1.11
2.03287907341032e-19 5.00000000000002e-05 1.11
5.00000000000002e-05 5.00000000000002e-05 1.11
0.0001 5.00000000000002e-05 1.11
0.00015 5.00000000000002e-05 1.11
0.0002 5.00000000000002e-05 1.11
0.00025 5.00000000000002e-05 1.11
0.0003 5.00000000000002e-05 1.11
0.00035 5.00000000000002e-05 1.11
0.0004 5.00000000000002e-05 1.11
0.00045 5.00000000000002e-05 1.11
0.0005 5.00000000000002e-05 1.11
0.00055 5.00000000000002e-05 1.11
0.0006 5.00000000000002e-05 1.11
0.00065 5.00000000000002e-05 1.11
0.0007 5.00000000000002e-05 1.11
0.00075 5.00000000000002e-05 1.11

-0.00075 0.0001 1.11
-0.0007 0.0001 1.11
-0.00065 0.0001 1.11
-0.0006 0.0001 1.11
-0.00055 0.0001 1.11
-0.0005 0.0001 1.11
-0.00045 0.0001 1.11
-0.0004 0.0001 1.11
-0.00035 0.0001 1.11
-0.0003 0.0001 1.11
-0.00025 0.0001 1.11
-0.0002 0.0001 1.11
-0.00015 0.0001 1.11
-9.99999999999998e-05 0.0001 1.11
-4.99999999999998e-05 0.0001 1.11
2.03287907341032e-19 0.0001 1.11
5.00000000000002e-05 0.0001 1.11
0.0001 0.0001 1.11
0.00015 0.0001 1.11
0.0002 0.0001 1.11
0.00025 0.0001 1.11
0.0003 0.0001 1.11
0.00035 0.0001 1.11
0.0004 0.0001 1.11
0.00045 0.0001 1.11
0.0005 0.0001 1.11
0.00055 0.0001 1.11
0.0006 0.0001 1.11
0.00065 0.0001 1.11
0.0007 0.0001 1.11
0.00075 0.0001 1.11

-0.00075 0.00015 1.11
-0.0007 0.00015 1.11
-0.00065 0.00015 1.11
-0.0006 0.00015 1.11
-0.00055 0.00015 1.11
-0.0005 0.00015 1.11
-0.00045 0.00015 1.11
-0.0004 0.00015 1.11
-0.00035 0.00015 1.11
-0.0003 0.00015 1.11
-0.00025 0.00015 1.11
-0.0002 0.00015 1.11
-0.00015 0.00015 1.11
-9.99999999999998e-05 0.00015 1.11
-4.99999999999998e-05 0.00015 1.11
2.03287907341032e-19 0.00015 1.11
5.00000000000002e-05 0.00015 1.11
0.0001 0.00015 1.11
0.00015 0.00015 1.11
0.0002 0.00015 1.11
0.00025 0.00015 1.11
0.0003 0.00015 1.11
0.00035 0.00015 1.11
0.0004 0.00015 1.11
0.00045 0.00015 1.11
0.0005 0.00015 1.11
0.00055 0.00015 1.11
0.0006 0.00015 1.11
0.00065 0.00015 1.11
0.0007 0.00015 1.11
0.00075 0.00015 1.11

-0.00075 0.0002 1.11
-0.0007 0.0002 1.11
-0.00065 0.0002 1.11
-0.0006 0.0002 1.11
-0.00055 0.0002 1.11
-0.0005 0.0002 1.11
-0.00045 0.0002 1.11
-0.0004 0.0002 1.11
-0.00035 0.0002 1.11
-0.0003 0.0002 1.11
-0.00025 0.0002 1.11
-0.0002 0.0002 1.11
-0.00015 0.0002 1.11
-9.99999999999998e-05 0.0002 1.11
-4.99999999999998e-05 0.0002 1.11
2.03287907341032e-19 0.0002 1.11
5.00000000000002e-05 0.0002 1.11
0.0001 0.0002 1.11
0.00015 0.0002 1.11
0.0002 0.0002 1.11
0.00025 0.0002 1.11
0.0003 0.0002 1.11
0.00035 0.0002 1.11
0.0004 0.0002 1.11
0.00045 0.0002 1.11
0.0005 0.0002 1.11
0.00055 0.0002 1.11
0.0006 0.0002 1.11
0.00065 0.0002 1.11
0.0007 0.0002 1.11
0.00075 0.0002 1.11

-0.00075 0.00025 1.11
-0.0007 0.00025 1.11
-0.00065 0.00025 1.11
-0.0006 0.00025 1.11
-0.00055 0.00025 1.11
-0.0005 0.00025 1.11
-0.00045 0.00025 1.11
-0.0004 0.00025 1.11
-0.00035 0.00025 1.11
-0.0003 0.00025 1.11
-0.00025 0.00025 1.11
-0.0002 0.00025 1.11
-0.00015 0.00025 1.11
-9.99999999999998e-05 0.00025 1.11
-4.99999999999998e-05 0.00025 1.11
2.03287907341032e-19 0.00025 1.11
5.00000000000002e-05 0.00025 1.11
0.0001 0.00025 1.11
0.00015 0.00025 1.11
0.0002 0.00025 1.11
0.00025 0.00025 1.11
0.0003 0.00025 1.11
0.00035 0.00025 1.11
0.0004 0.00025 1.11
0.00045 0.00025 1.11
0.0005 0.00025 1.11
0.00055 0.00025 1.11
0.0006 0.00025 1.11
0.00065 0.00025 1.11
0.0007 0.00025 1.11
0.00075 0.00025 1.11

-0.00075 0.0003 1.11
-0.0007 0.0003 1.11
-0.00065 0.0003 1.11
-0.0006 0.0003 1.11
-0.00055 0.0003 1.11
-0.0005 0.0003 1.11
-0.00045 0.0003 1.11
-0.0004 0.0003 1.11
-0.00035 0.0003 1.11
-0.0003 0.0003 1.11
-0.00025 0.0003 1.11
-0.0002 0.0003 1.11
-0.00015 0.0003 1.11
-9.99999999999998e-05 0.0003 1.11
-4.99999999999998e-05 0.0003 1.11
2.03287907341032e-19 0.0003 1.11
5.00000000000002e-05 0.0003 1.11
0.0001 0.0003 1.11
0.00015 0.0003 1.11
0.0002 0.0003 1.11
0.00025 0.0003 1.11
0.0003 0.0003 1.11
0.00035 0.0003 1.11
0.0004 0.0003 1.11
0.00045 0.0003 1.11
0.0005 0.0003 1.11
0.00055 0.0003 1.11
0.0006 0.0003 1.11
0.00065 0.0003 1.11
0.0007 0.0003 1.11
0.00075 0.0003 1.11

-0.00075 0.00035 1.11
-0.0007 0.00035 1.11
-0.00065 0.00035 1.11
-0.0006 0.00035 1.11
-0.00055 0.00035 1.11
-0.0005 0.00035 1.11
-0.00045 0.00035 1.11
-0.0004 0.00035 1.11
-0.00035 0.00035 1.11
-0.0003 0.00035 1.11
-0.00025 0.00035 1.11
-0.0002 0.00035 1.11
-0.00015 0.00035 1.11
-9.99999999999998e-05 0.00035 1.11
-4.99999999999998e-05 0.00035 1.11
2.03287907341032e-19 0.00035 1.11
5.00000000000002e-05 0.00035 1.11
0.0001 0.00035 1.11
0.00015 0.00035 1.11
0.0002 0.00035 1.11
0.00025 0.00035 1.11
0.0003 0.00035 1.11
0.00035 0.00035 1.11
0.0004 0.00035 1.11
0.00045 0.00035 1.11
0.0005 0.00035 1.11
0.00055 0.00035 1.11
0.0006 0.00035 1.11
0.00065 0.00035 1.11
0.0007 0.00035 1.11
0.00075 0.00035 1.11

-0.00075 0.0004 1.11
-0.0007 0.0004 1.11
-0.00065 0.0004 1.11
-0.0006 0.0004 1.11
-0.00055 0.0004 1.11
-0.0005 0.0004 1.11
-0.00045 0.0004 1.11
-0.0004 0.0004 1.11
-0.00035 0.0004 1.11
-0.0003 0.0004 1.11
-0.00025 0.0004 1.11
-0.0002 0.0004 1.11
-0.00015 0.0004 1.11
-9.99999999999998e-05 0.0004 1.11
-4.99999999999998e-05 0.0004 1.11
2.03287907341032e-19 0.0004 1.11
5.00000000000002e-05 0.0004 1.11
0.0001 0.0004 1.11
0.00015 0.0004 1.11
0.0002 0.0004 1.11
0.00025 0.0004 1.11
0.0003 0.0004 1.11
0.00035 0.0004 1.11
0.0004 0.0004 1.11
0.00045 0.0004 1.11
0.0005 0.0004 1.11
0.00055 0.0004 1.11
0.0006 0.0004 1.11
0.00065 0.0004 1.11
0.0007 0.0004 1.11
0.00075 0.0004 1.11

-0.00075 0.00045 1.11
-0.0007 0.00045 1.11
-0.00065 0.00045 1.11
-0.0006 0.00045 1.11
-0.00055 0.00045 1.11
-0.0005 0.00045 1.11
-0.00045 0.00045 1.11
-0.0004 0.00045 1.11
-0.00035 0.00045 1.11
-0.0003 0.00045 1.11
-0.00025 0.00045 1.11
-0.0002 0.00045 1.11
-0.00015 0.00045 1.11
-9.99999999999998e-05 0.00045 1.11
-4.99999999999998e-05 0.00045 1.11
2.03287907341032e-19 0.00045 1.11
5.00000000000002e-05 0.00045 1.11
0.0001 0.00045 1.11
0.00015 0.00045 1.11
0.0002 0.00045 1.11
0.00025 0.00045 1.11
0.0003 0.00045 1.11
0.00035 0.00045 1.11
0.0004 0.00045 1.11
0.00045 0.00045 1.11
0.0005 0.00045 1.11
0.00055 0.00045 1.11
0.0006 0.00045 1.11
0.00065 0.00045 1.11
0.0007 0.00045 1.11
0.00075 0.00045 1.11

-0.00075 0.0005 1.11
-0.0007 0.0005 1.11
-0.00065 0.0005 1.11
-0.0006 0.0005 1.11
-0.00055 0.0005 1.11
-0.0005 0.0005 1.11
-0.00045 0.0005 1.11
-0.0004 0.0005 1.11
-0.00035 0.0005 1.11
-0.0003 0.0005 1.11
-0.00025 0.0005 1.11
-0.0002 0.0005 1.11
-0.00015 0.0005 1.11
-9.99999999999998e-05 0.0005 1.11
-4.99999999999998e-05 0.0005 1.11
2.03287907341032e-19 0.0005 1.11
5.00000000000002e-05 0.0005 1.11
0.0001 0.0005 1.11
0.00015 0.0005 1.11
0.0002 0.0005 1.11
0.00025 0.0005 1.11
0.0003 0.0005 1.11
0.00035 0.0005 1.11
0.0004 0.0005 1.11
0.00045 0.0005 1.11
0.0005 0.0005 1.11
0.00055 0.0005 1.11
0.0006 0.0005 1.11
0.00065 0.0005 1.11
0.0007 0.0005 1.11
0.00075 0.0005 1.11

-0.00075 0.00055 1.11
-0.0007 0.00055 1.11
-0.00065 0.00055 1.11
-0.0006 0.00055 1.11
-0.00055 0.00055 1.11
-0.0005 0.00055 1.11
-0.00045 0.00055 1.11
-0.0004 0.00055 1.11
-0.00035 0.00055 1.11
-0.0003 0.00055 1.11
-0.00025 0.00055 1.11
-0.0002 0.00055 1.11
-0.00015 0.00055 1.11
-9.99999999999998e-05 0.00055 1.11
-4.99999999999998e-05 0.00055 1.11
2.03287907341032e-19 0.00055 1.11
5.00000000000002e-05 0.00055 1.11
0.0001 0.00055 1.11
0.00015 0.00055 1.11
0.0002 0.00055 1.11
0.00025 0.00055 1.11
0.0003 0.00055 1.11
0.00035 0.00055 1.11
0.0004 0.00055 1.11
0.00045 0.00055 1.11
0.0005 0.00055 1.11
0.00055 0.00055 1.11
0.0006 0.00055 1.11
0.00065 0.00055 1.11
0.0007 0.00055 1.11
0.00075 0.00055 1.11

-0.00075 0.0006 1.11
-0.0007 0.0006 1.11
-0.00065 0.0006 1.11
-0.0006 0.0006 1.11
-0.00055 0.0006 1.11
-0.0005 0.0006 1.11
-0.00045 0.0006 1.11
-0.0004 0.0006 1.11
-0.00035 0.0006 1.11
-0.0003 0.0006 1.11
-0.00025 0.0006 1.11
-0.0002 0.0006 1.11
-0.00015 0.0006 1.11
-9.99999999999998e-05 0.0006 1.11
-4.99999999999998e-05 0.0006 1.11
2.03287907341032e-19 0.0006 1.11
5.00000000000002e-05 0.0006 1.11
0.0001 0.0006 1.11
0.00015 0.0006 1.11
0.0002 0.0006 1.11
0.00025 0.0006 1.11
0.0003 0.0006 1.11
0.00035 0.0006 1.11
0.0004 0.0006 1.11
0.00045 0.0006 1.11
0.0005 0.0006 1.11
0.00055 0.0006 1.11
0.0006 0.0006 1.11
0.00065 0.0006 1.11
0.0007 0.0006 1.11
0.00075 0.0006 1.11

-0.00075 0.00065 1.11
-0.0007 0.00065 1.11
-0.00065 0.00065 1.11
-0.0006 0.00065 1.11
-0.00055 0.00065 1.11
-0.0005 0.00065 1.11
-0.00045 0.00065 1.11
-0.0004 0.00065 1.11
-0.00035 0.00065 1.11
-0.0003 0.00065 1.11
-0.00025 0.00065 1.11
-0.0002 0.00065 1.11
-0.00015 0.00065 1.11
-9.99999999999998e-05 0.00065 1.11
-4.99999999999998e-05 0.00065 1.11
2.03287907341032e-19 0.00065 1.11
5.00000000000002e-05 0.00065 1.11
0.0001 0.00065 1.11
0.00015 0.00065 1.11
0.0002 0.00065 1.11
0.00025 0.00065 1.11
0.0003 0.00065 1.11
0.00035 0.00065 1.11
0.0004 0.00065 1.11
0.00045 0.00065 1.11
0.0005 0.00065 1.11
0.00055 0.00065 1.11
0.0006 0.00065 1.11
0.00065 0.00065 1.11
0.0007 0.00065 1.11
0.00075 0.00065 1.11

-0.00075 0.0007 1.11
-0.0007 0.0007 1.11
-0.00065 0.0007 1.11
-0.0006 0.0007 1.11
-0.00055 0.0007 1.11
-0.0005 0.0007 1.11
-0.00045 0.0007 1.11
-0.0004 0.0007 1.11
-0.00035 0.0007 1.11
-0.0003 0.0007 1.11
-0.00025 0.0007 1.11
-0.0002 0.0007 1.11
-0.00015 0.0007 1.11
-9.99999999999998e-05 0.0007 1.11
-4.99999999999998e-05 0.0007 1.11
2.03287907341032e-19 0.0007 1.11
5.00000000000002e-05 0.0007 1.11
0.0001 0.0007 1.11
0.00015 0.0007 1.11
0.0002 0.0007 1.11
0.00025 0.0007 1.11
0.0003 0.0007 1.11
0.00035 0.0007 1.11
0.0004 0.0007 1.11
0.00045 0.0007 1.11
0.0005 0.0007 1.11
0.00055 0.0007 1.11
0.0006 0.0007 1.11
0.00065 0.0007 1.11
0.0007 0.0007 1.11
0.00075 0.0007 1.11

-0.00075 0.00075 1.11
-0.0007 0.00075 1.11
-0.00065 0.00075 1.11
-0.0006 0.00075 1.11
-0.00055 0.00075 1.11
-0.0005 0.00075 1.11
-0.00045 0.00075 1.11
-0.0004 0.00075 1.11
-0.00035 0.00075 1.11
-0.0003 0.00075 1.11
-0.00025 0.00075 1.11
-0.0002 0.00075 1.11
-0.00015 0.00075 1.11
-9.99999999999998e-05 0.00075 1.11
-4.99999999999998e-05 0.00075 1.11
2.03287907341032e-19 0.00075 1.11
5.00000000000002e-05 0.00075 1.11
0.0001 0.00075 1.11
0.00015 0.00075 1.11
0.0002 0.00075 1.11
0.00025 0.00075 1.11
0.0003 0.00075 1.11
0.00035 0.00075 1.11
0.0004 0.00075 1.11
0.00045 0.00075 1.11
0.0005 0.00075 1.11
0.00055 0.00075 1.11
0.0006 0.00075 1.11
0.00065 0.00075 1.11
0.0007 0.00075 1.11
0.00075 0.00075 1.11
