# Grid generated with tessgrd 1.1.1:
#   local time: Thu Aug  7 09:51:29 2014
#   args: -r-0.0075/0.0075/-0.0075/0.0075 -b31/31 -z11.1
#   grid spacing: 0.0005000000 lon / 0.0005000000 lat
#   total 961 points
-0.0075 -0.0075 11.1
-0.007 -0.0075 11.1
-0.0065 -0.0075 11.1
-0.006 -0.0075 11.1
-0.0055 -0.0075 11.1
-0.005 -0.0075 11.1
-0.0045 -0.0075 11.1
-0.004 -0.0075 11.1
-0.0035 -0.0075 11.1
-0.003 -0.0075 11.1
-0.0025 -0.0075 11.1
-0.002 -0.0075 11.1
-0.0015 -0.0075 11.1
-0.000999999999999997 -0.0075 11.1
-0.000499999999999997 -0.0075 11.1
3.46944695195361e-18 -0.0075 11.1
0.000500000000000003 -0.0075 11.1
0.001 -0.0075 11.1
0.0015 -0.0075 11.1
0.002 -0.0075 11.1
0.0025 -0.0075 11.1
0.003 -0.0075 11.1
0.0035 -0.0075 11.1
0.004 -0.0075 11.1
0.0045 -0.0075 11.1
0.005 -0.0075 11.1
0.0055 -0.0075 11.1
0.00600000000000001 -0.0075 11.1
0.00650000000000001 -0.0075 11.1
0.00700000000000001 -0.0075 11.1
0.00750000000000001 -0.0075 11.1

-0.0075 -0.007 11.1
-0.007 -0.007 11.1
-0.0065 -0.007 11.1
-0.006 -0.007 11.1
-0.0055 -0.007 11.1
-0.005 -0.007 11.1
-0.0045 -0.007 11.1
-0.004 -0.007 11.1
-0.0035 -0.007 11.1
-0.003 -0.007 11.1
-0.0025 -0.007 11.1
-0.002 -0.007 11.1
-0.0015 -0.007 11.1
-0.000999999999999997 -0.007 11.1
-0.000499999999999997 -0.007 11.1
3.46944695195361e-18 -0.007 11.1
0.000500000000000003 -0.007 11.1
0.001 -0.007 11.1
0.0015 -0.007 11.1
0.002 -0.007 11.1
0.0025 -0.007 11.1
0.003 -0.007 11.1
0.0035 -0.007 11.1
0.004 -0.007 11.1
0.0045 -0.007 11.1
0.005 -0.007 11.1
0.0055 -0.007 11.1
0.00600000000000001 -0.007 11.1
0.00650000000000001 -0.007 11.1
0.00700000000000001 -0.007 11.1
0.00750000000000001 -0.007 11.1

-0.0075 -0.0065 11.1
-0.007 -0.0065 11.1
-0.0065 -0.0065 11.1
-0.006 -0.0065 11.1
-0.0055 -0.0065 11.1
-0.005 -0.0065 11.1
-0.0045 -0.0065 11.1
-0.004 -0.0065 11.1
-0.0035 -0.0065 11.1
-0.003 -0.0065 11.1
-0.0025 -0.0065 11.1
-0.002 -0.0065 11.1
-0.0015 -0.0065 11.1
-0.000999999999999997 -0.0065 11.1
-0.000499999999999997 -0.0065 11.1
3.46944695195361e-18 -0.0065 11.1
0.000500000000000003 -0.0065 11.1
0.001 -0.0065 11.1
0.0015 -0.0065 11.1
0.002 -0.0065 11.1
0.0025 -0.0065 11.1
0.003 -0.0065 11.1
0.0035 -0.0065 11.1
0.004 -0.0065 11.1
0.0045 -0.0065 11.1
0.005 -0.0065 11.1
0.0055 -0.0065 11.1
0.00600000000000001 -0.0065 11.1
0.00650000000000001 -0.0065 11.1
0.00700000000000001 -0.0065 11.1
0.00750000000000001 -0.0065 11.1

-0.0075 -0.006 11.1
-0.007 -0.006 11.1
-0.0065 -0.006 11.1
-0.006 -0.006 11.1
-0.0055 -0.006 11.1
-0.005 -0.006 11.1
-0.0045 -0.006 11.1
-0.004 -0.006 11.1
-0.0035 -0.006 11.1
-0.003 -0.006 11.1
-0.0025 -0.006 11.1
-0.002 -0.006 11.1
-0.0015 -0.006 11.1
-0.000999999999999997 -0.006 11.1
-0.000499999999999997 -0.006 11.1
3.46944695195361e-18 -0.006 11.1
0.000500000000000003 -0.006 11.1
0.001 -0.006 11.1
0.0015 -0.006 11.1
0.002 -0.006 11.1
0.0025 -0.006 11.1
0.003 -0.006 11.1
0.0035 -0.006 11.1
0.004 -0.006 11.1
0.0045 -0.006 11.1
0.005 -0.006 11.1
0.0055 -0.006 11.1
0.00600000000000001 -0.006 11.1
0.00650000000000001 -0.006 11.1
0.00700000000000001 -0.006 11.1
0.00750000000000001 -0.006 11.1

-0.0075 -0.0055 11.1
-0.007 -0.0055 11.1
-0.0065 -0.0055 11.1
-0.006 -0.0055 11.1
-0.0055 -0.0055 11.1
-0.005 -0.0055 11.1
-0.0045 -0.0055 11.1
-0.004 -0.0055 11.1
-0.0035 -0.0055 11.1
-0.003 -0.0055 11.1
-0.0025 -0.0055 11.1
-0.002 -0.0055 11.1
-0.0015 -0.0055 11.1
-0.000999999999999997 -0.0055 11.1
-0.000499999999999997 -0.0055 11.1
3.46944695195361e-18 -0.0055 11.1
0.000500000000000003 -0.0055 11.1
0.001 -0.0055 11.1
0.0015 -0.0055 11.1
0.002 -0.0055 11.1
0.0025 -0.0055 11.1
0.003 -0.0055 11.1
0.0035 -0.0055 11.1
0.004 -0.0055 11.1
0.0045 -0.0055 11.1
0.005 -0.0055 11.1
0.0055 -0.0055 11.1
0.00600000000000001 -0.0055 11.1
0.00650000000000001 -0.0055 11.1
0.00700000000000001 -0.0055 11.1
0.00750000000000001 -0.0055 11.1

-0.0075 -0.005 11.1
-0.007 -0.005 11.1
-0.0065 -0.005 11.1
-0.006 -0.005 11.1
-0.0055 -0.005 11.1
-0.005 -0.005 11.1
-0.0045 -0.005 11.1
-0.004 -0.005 11.1
-0.0035 -0.005 11.1
-0.003 -0.005 11.1
-0.0025 -0.005 11.1
-0.002 -0.005 11.1
-0.0015 -0.005 11.1
-0.000999999999999997 -0.005 11.1
-0.000499999999999997 -0.005 11.1
3.46944695195361e-18 -0.005 11.1
0.000500000000000003 -0.005 11.1
0.001 -0.005 11.1
0.0015 -0.005 11.1
0.002 -0.005 11.1
0.0025 -0.005 11.1
0.003 -0.005 11.1
0.0035 -0.005 11.1
0.004 -0.005 11.1
0.0045 -0.005 11.1
0.005 -0.005 11.1
0.0055 -0.005 11.1
0.00600000000000001 -0.005 11.1
0.00650000000000001 -0.005 11.1
0.00700000000000001 -0.005 11.1
0.00750000000000001 -0.005 11.1

-0.0075 -0.0045 11.1
-0.007 -0.0045 11.1
-0.0065 -0.0045 11.1
-0.006 -0.0045 11.1
-0.0055 -0.0045 11.1
-0.005 -0.0045 11.1
-0.0045 -0.0045 11.1
-0.004 -0.0045 11.1
-0.0035 -0.0045 11.1
-0.003 -0.0045 11.1
-0.0025 -0.0045 11.1
-0.002 -0.0045 11.1
-0.0015 -0.0045 11.1
-0.000999999999999997 -0.0045 11.1
-0.000499999999999997 -0.0045 11.1
3.46944695195361e-18 -0.0045 11.1
0.000500000000000003 -0.0045 11.1
0.001 -0.0045 11.1
0.0015 -0.0045 11.1
0.002 -0.0045 11.1
0.0025 -0.0045 11.1
0.003 -0.0045 11.1
0.0035 -0.0045 11.1
0.004 -0.0045 11.1
0.0045 -0.0045 11.1
0.005 -0.0045 11.1
0.0055 -0.0045 11.1
0.00600000000000001 -0.0045 11.1
0.00650000000000001 -0.0045 11.1
0.00700000000000001 -0.0045 11.1
0.00750000000000001 -0.0045 11.1

-0.0075 -0.004 11.1
-0.007 -0.004 11.1
-0.0065 -0.004 11.1
-0.006 -0.004 11.1
-0.0055 -0.004 11.1
-0.005 -0.004 11.1
-0.0045 -0.004 11.1
-0.004 -0.004 11.1
-0.0035 -0.004 11.1
-0.003 -0.004 11.1
-0.0025 -0.004 11.1
-0.002 -0.004 11.1
-0.0015 -0.004 11.1
-0.000999999999999997 -0.004 11.1
-0.000499999999999997 -0.004 11.1
3.46944695195361e-18 -0.004 11.1
0.000500000000000003 -0.004 11.1
0.001 -0.004 11.1
0.0015 -0.004 11.1
0.002 -0.004 11.1
0.0025 -0.004 11.1
0.003 -0.004 11.1
0.0035 -0.004 11.1
0.004 -0.004 11.1
0.0045 -0.004 11.1
0.005 -0.004 11.1
0.0055 -0.004 11.1
0.00600000000000001 -0.004 11.1
0.00650000000000001 -0.004 11.1
0.00700000000000001 -0.004 11.1
0.00750000000000001 -0.004 11.1

-0.0075 -0.0035 11.1
-0.007 -0.0035 11.1
-0.0065 -0.0035 11.1
-0.006 -0.0035 11.1
-0.0055 -0.0035 11.1
-0.005 -0.0035 11.1
-0.0045 -0.0035 11.1
-0.004 -0.0035 11.1
-0.0035 -0.0035 11.1
-0.003 -0.0035 11.1
-0.0025 -0.0035 11.1
-0.002 -0.0035 11.1
-0.0015 -0.0035 11.1
-0.000999999999999997 -0.0035 11.1
-0.000499999999999997 -0.0035 11.1
3.46944695195361e-18 -0.0035 11.1
0.000500000000000003 -0.0035 11.1
0.001 -0.0035 11.1
0.0015 -0.0035 11.1
0.002 -0.0035 11.1
0.0025 -0.0035 11.1
0.003 -0.0035 11.1
0.0035 -0.0035 11.1
0.004 -0.0035 11.1
0.0045 -0.0035 11.1
0.005 -0.0035 11.1
0.0055 -0.0035 11.1
0.00600000000000001 -0.0035 11.1
0.00650000000000001 -0.0035 11.1
0.00700000000000001 -0.0035 11.1
0.00750000000000001 -0.0035 11.1

-0.0075 -0.003 11.1
-0.007 -0.003 11.1
-0.0065 -0.003 11.1
-0.006 -0.003 11.1
-0.0055 -0.003 11.1
-0.005 -0.003 11.1
-0.0045 -0.003 11.1
-0.004 -0.003 11.1
-0.0035 -0.003 11.1
-0.003 -0.003 11.1
-0.0025 -0.003 11.1
-0.002 -0.003 11.1
-0.0015 -0.003 11.1
-0.000999999999999997 -0.003 11.1
-0.000499999999999997 -0.003 11.1
3.46944695195361e-18 -0.003 11.1
0.000500000000000003 -0.003 11.1
0.001 -0.003 11.1
0.0015 -0.003 11.1
0.002 -0.003 11.1
0.0025 -0.003 11.1
0.003 -0.003 11.1
0.0035 -0.003 11.1
0.004 -0.003 11.1
0.0045 -0.003 11.1
0.005 -0.003 11.1
0.0055 -0.003 11.1
0.00600000000000001 -0.003 11.1
0.00650000000000001 -0.003 11.1
0.00700000000000001 -0.003 11.1
0.00750000000000001 -0.003 11.1

-0.0075 -0.0025 11.1
-0.007 -0.0025 11.1
-0.0065 -0.0025 11.1
-0.006 -0.0025 11.1
-0.0055 -0.0025 11.1
-0.005 -0.0025 11.1
-0.0045 -0.0025 11.1
-0.004 -0.0025 11.1
-0.0035 -0.0025 11.1
-0.003 -0.0025 11.1
-0.0025 -0.0025 11.1
-0.002 -0.0025 11.1
-0.0015 -0.0025 11.1
-0.000999999999999997 -0.0025 11.1
-0.000499999999999997 -0.0025 11.1
3.46944695195361e-18 -0.0025 11.1
0.000500000000000003 -0.0025 11.1
0.001 -0.0025 11.1
0.0015 -0.0025 11.1
0.002 -0.0025 11.1
0.0025 -0.0025 11.1
0.003 -0.0025 11.1
0.0035 -0.0025 11.1
0.004 -0.0025 11.1
0.0045 -0.0025 11.1
0.005 -0.0025 11.1
0.0055 -0.0025 11.1
0.00600000000000001 -0.0025 11.1
0.00650000000000001 -0.0025 11.1
0.00700000000000001 -0.0025 11.1
0.00750000000000001 -0.0025 11.1

-0.0075 -0.002 11.1
-0.007 -0.002 11.1
-0.0065 -0.002 11.1
-0.006 -0.002 11.1
-0.0055 -0.002 11.1
-0.005 -0.002 11.1
-0.0045 -0.002 11.1
-0.004 -0.002 11.1
-0.0035 -0.002 11.1
-0.003 -0.002 11.1
-0.0025 -0.002 11.1
-0.002 -0.002 11.1
-0.0015 -0.002 11.1
-0.000999999999999997 -0.002 11.1
-0.000499999999999997 -0.002 11.1
3.46944695195361e-18 -0.002 11.1
0.000500000000000003 -0.002 11.1
0.001 -0.002 11.1
0.0015 -0.002 11.1
0.002 -0.002 11.1
0.0025 -0.002 11.1
0.003 -0.002 11.1
0.0035 -0.002 11.1
0.004 -0.002 11.1
0.0045 -0.002 11.1
0.005 -0.002 11.1
0.0055 -0.002 11.1
0.00600000000000001 -0.002 11.1
0.00650000000000001 -0.002 11.1
0.00700000000000001 -0.002 11.1
0.00750000000000001 -0.002 11.1

-0.0075 -0.0015 11.1
-0.007 -0.0015 11.1
-0.0065 -0.0015 11.1
-0.006 -0.0015 11.1
-0.0055 -0.0015 11.1
-0.005 -0.0015 11.1
-0.0045 -0.0015 11.1
-0.004 -0.0015 11.1
-0.0035 -0.0015 11.1
-0.003 -0.0015 11.1
-0.0025 -0.0015 11.1
-0.002 -0.0015 11.1
-0.0015 -0.0015 11.1
-0.000999999999999997 -0.0015 11.1
-0.000499999999999997 -0.0015 11.1
3.46944695195361e-18 -0.0015 11.1
0.000500000000000003 -0.0015 11.1
0.001 -0.0015 11.1
0.0015 -0.0015 11.1
0.002 -0.0015 11.1
0.0025 -0.0015 11.1
0.003 -0.0015 11.1
0.0035 -0.0015 11.1
0.004 -0.0015 11.1
0.0045 -0.0015 11.1
0.005 -0.0015 11.1
0.0055 -0.0015 11.1
0.00600000000000001 -0.0015 11.1
0.00650000000000001 -0.0015 11.1
0.00700000000000001 -0.0015 11.1
0.00750000000000001 -0.0015 11.1

-0.0075 -0.000999999999999997 11.1
-0.007 -0.000999999999999997 11.1
-0.0065 -0.000999999999999997 11.1
-0.006 -0.000999999999999997 11.1
-0.0055 -0.000999999999999997 11.1
-0.005 -0.000999999999999997 11.1
-0.0045 -0.000999999999999997 11.1
-0.004 -0.000999999999999997 11.1
-0.0035 -0.000999999999999997 11.1
-0.003 -0.000999999999999997 11.1
-0.0025 -0.000999999999999997 11.1
-0.002 -0.000999999999999997 11.1
-0.0015 -0.000999999999999997 11.1
-0.000999999999999997 -0.000999999999999997 11.1
-0.000499999999999997 -0.000999999999999997 11.1
3.46944695195361e-18 -0.000999999999999997 11.1
0.000500000000000003 -0.000999999999999997 11.1
0.001 -0.000999999999999997 11.1
0.0015 -0.000999999999999997 11.1
0.002 -0.000999999999999997 11.1
0.0025 -0.000999999999999997 11.1
0.003 -0.000999999999999997 11.1
0.0035 -0.000999999999999997 11.1
0.004 -0.000999999999999997 11.1
0.0045 -0.000999999999999997 11.1
0.005 -0.000999999999999997 11.1
0.0055 -0.000999999999999997 11.1
0.00600000000000001 -0.000999999999999997 11.1
0.00650000000000001 -0.000999999999999997 11.1
0.00700000000000001 -0.000999999999999997 11.1
0.00750000000000001 -0.000999999999999997 11.1

-0.0075 -0.000499999999999997 11.1
-0.007 -0.000499999999999997 11.1
-0.0065 -0.000499999999999997 11.1
-0.006 -0.000499999999999997 11.1
-0.0055 -0.000499999999999997 11.1
-0.005 -0.000499999999999997 11.1
-0.0045 -0.000499999999999997 11.1
-0.004 -0.000499999999999997 11.1
-0.0035 -0.000499999999999997 11.1
-0.003 -0.000499999999999997 11.1
-0.0025 -0.000499999999999997 11.1
-0.002 -0.000499999999999997 11.1
-0.0015 -0.000499999999999997 11.1
-0.000999999999999997 -0.000499999999999997 11.1
-0.000499999999999997 -0.000499999999999997 11.1
3.46944695195361e-18 -0.000499999999999997 11.1
0.000500000000000003 -0.000499999999999997 11.1
0.001 -0.000499999999999997 11.1
0.0015 -0.000499999999999997 11.1
0.002 -0.000499999999999997 11.1
0.0025 -0.000499999999999997 11.1
0.003 -0.000499999999999997 11.1
0.0035 -0.000499999999999997 11.1
0.004 -0.000499999999999997 11.1
0.0045 -0.000499999999999997 11.1
0.005 -0.000499999999999997 11.1
0.0055 -0.000499999999999997 11.1
0.00600000000000001 -0.000499999999999997 11.1
0.00650000000000001 -0.000499999999999997 11.1
0.00700000000000001 -0.000499999999999997 11.1
0.00750000000000001 -0.000499999999999997 11.1

-0.0075 3.46944695195361e-18 11.1
-0.007 3.46944695195361e-18 11.1
-0.0065 3.46944695195361e-18 11.1
-0.006 3.46944695195361e-18 11.1
-0.0055 3.46944695195361e-18 11.1
-0.005 3.46944695195361e-18 11.1
-0.0045 3.46944695195361e-18 11.1
-0.004 3.46944695195361e-18 11.1
-0.0035 3.46944695195361e-18 11.1
-0.003 3.46944695195361e-18 11.1
-0.0025 3.46944695195361e-18 11.1
-0.002 3.46944695195361e-18 11.1
-0.0015 3.46944695195361e-18 11.1
-0.000999999999999997 3.46944695195361e-18 11.1
-0.000499999999999997 3.46944695195361e-18 11.1
3.46944695195361e-18 3.46944695195361e-18 11.1
0.000500000000000003 3.46944695195361e-18 11.1
0.001 3.46944695195361e-18 11.1
0.0015 3.46944695195361e-18 11.1
0.002 3.46944695195361e-18 11.1
0.0025 3.46944695195361e-18 11.1
0.003 3.46944695195361e-18 11.1
0.0035 3.46944695195361e-18 11.1
0.004 3.46944695195361e-18 11.1
0.0045 3.46944695195361e-18 11.1
0.005 3.46944695195361e-18 11.1
0.0055 3.46944695195361e-18 11.1
0.00600000000000001 3.46944695195361e-18 11.1
0.00650000000000001 3.46944695195361e-18 11.1
0.00700000000000001 3.46944695195361e-18 11.1
0.00750000000000001 3.46944695195361e-18 11.1

-0.0075 0.000500000000000003 11.1
-0.007 0.000500000000000003 11.1
-0.0065 0.000500000000000003 11.1
-0.006 0.000500000000000003 11.1
-0.0055 0.000500000000000003 11.1
-0.005 0.000500000000000003 11.1
-0.0045 0.000500000000000003 11.1
-0.004 0.000500000000000003 11.1
-0.0035 0.000500000000000003 11.1
-0.003 0.000500000000000003 11.1
-0.0025 0.000500000000000003 11.1
-0.002 0.000500000000000003 11.1
-0.0015 0.000500000000000003 11.1
-0.000999999999999997 0.000500000000000003 11.1
-0.000499999999999997 0.000500000000000003 11.1
3.46944695195361e-18 0.000500000000000003 11.1
0.000500000000000003 0.000500000000000003 11.1
0.001 0.000500000000000003 11.1
0.0015 0.000500000000000003 11.1
0.002 0.000500000000000003 11.1
0.0025 0.000500000000000003 11.1
0.003 0.000500000000000003 11.1
0.0035 0.000500000000000003 11.1
0.004 0.000500000000000003 11.1
0.0045 0.000500000000000003 11.1
0.005 0.000500000000000003 11.1
0.0055 0.000500000000000003 11.1
0.00600000000000001 0.000500000000000003 11.1
0.00650000000000001 0.000500000000000003 11.1
0.00700000000000001 0.000500000000000003 11.1
0.00750000000000001 0.000500000000000003 11.1

-0.0075 0.001 11.1
-0.007 0.001 11.1
-0.0065 0.001 11.1
-0.006 0.001 11.1
-0.0055 0.001 11.1
-0.005 0.001 11.1
-0.0045 0.001 11.1
-0.004 0.001 11.1
-0.0035 0.001 11.1
-0.003 0.001 11.1
-0.0025 0.001 11.1
-0.002 0.001 11.1
-0.0015 0.001 11.1
-0.000999999999999997 0.001 11.1
-0.000499999999999997 0.001 11.1
3.46944695195361e-18 0.001 11.1
0.000500000000000003 0.001 11.1
0.001 0.001 11.1
0.0015 0.001 11.1
0.002 0.001 11.1
0.0025 0.001 11.1
0.003 0.001 11.1
0.0035 0.001 11.1
0.004 0.001 11.1
0.0045 0.001 11.1
0.005 0.001 11.1
0.0055 0.001 11.1
0.00600000000000001 0.001 11.1
0.00650000000000001 0.001 11.1
0.00700000000000001 0.001 11.1
0.00750000000000001 0.001 11.1

-0.0075 0.0015 11.1
-0.007 0.0015 11.1
-0.0065 0.0015 11.1
-0.006 0.0015 11.1
-0.0055 0.0015 11.1
-0.005 0.0015 11.1
-0.0045 0.0015 11.1
-0.004 0.0015 11.1
-0.0035 0.0015 11.1
-0.003 0.0015 11.1
-0.0025 0.0015 11.1
-0.002 0.0015 11.1
-0.0015 0.0015 11.1
-0.000999999999999997 0.0015 11.1
-0.000499999999999997 0.0015 11.1
3.46944695195361e-18 0.0015 11.1
0.000500000000000003 0.0015 11.1
0.001 0.0015 11.1
0.0015 0.0015 11.1
0.002 0.0015 11.1
0.0025 0.0015 11.1
0.003 0.0015 11.1
0.0035 0.0015 11.1
0.004 0.0015 11.1
0.0045 0.0015 11.1
0.005 0.0015 11.1
0.0055 0.0015 11.1
0.00600000000000001 0.0015 11.1
0.00650000000000001 0.0015 11.1
0.00700000000000001 0.0015 11.1
0.00750000000000001 0.0015 11.1

-0.0075 0.002 11.1
-0.007 0.002 11.1
-0.0065 0.002 11.1
-0.006 0.002 11.1
-0.0055 0.002 11.1
-0.005 0.002 11.1
-0.0045 0.002 11.1
-0.004 0.002 11.1
-0.0035 0.002 11.1
-0.003 0.002 11.1
-0.0025 0.002 11.1
-0.002 0.002 11.1
-0.0015 0.002 11.1
-0.000999999999999997 0.002 11.1
-0.000499999999999997 0.002 11.1
3.46944695195361e-18 0.002 11.1
0.000500000000000003 0.002 11.1
0.001 0.002 11.1
0.0015 0.002 11.1
0.002 0.002 11.1
0.0025 0.002 11.1
0.003 0.002 11.1
0.0035 0.002 11.1
0.004 0.002 11.1
0.0045 0.002 11.1
0.005 0.002 11.1
0.0055 0.002 11.1
0.00600000000000001 0.002 11.1
0.00650000000000001 0.002 11.1
0.00700000000000001 0.002 11.1
0.00750000000000001 0.002 11.1

-0.0075 0.0025 11.1
-0.007 0.0025 11.1
-0.0065 0.0025 11.1
-0.006 0.0025 11.1
-0.0055 0.0025 11.1
-0.005 0.0025 11.1
-0.0045 0.0025 11.1
-0.004 0.0025 11.1
-0.0035 0.0025 11.1
-0.003 0.0025 11.1
-0.0025 0.0025 11.1
-0.002 0.0025 11.1
-0.0015 0.0025 11.1
-0.000999999999999997 0.0025 11.1
-0.000499999999999997 0.0025 11.1
3.46944695195361e-18 0.0025 11.1
0.000500000000000003 0.0025 11.1
0.001 0.0025 11.1
0.0015 0.0025 11.1
0.002 0.0025 11.1
0.0025 0.0025 11.1
0.003 0.0025 11.1
0.0035 0.0025 11.1
0.004 0.0025 11.1
0.0045 0.0025 11.1
0.005 0.0025 11.1
0.0055 0.0025 11.1
0.00600000000000001 0.0025 11.1
0.00650000000000001 0.0025 11.1
0.00700000000000001 0.0025 11.1
0.00750000000000001 0.0025 11.1

-0.0075 0.003 11.1
-0.007 0.003 11.1
-0.0065 0.003 11.1
-0.006 0.003 11.1
-0.0055 0.003 11.1
-0.005 0.003 11.1
-0.0045 0.003 11.1
-0.004 0.003 11.1
-0.0035 0.003 11.1
-0.003 0.003 11.1
-0.0025 0.003 11.1
-0.002 0.003 11.1
-0.0015 0.003 11.1
-0.000999999999999997 0.003 11.1
-0.000499999999999997 0.003 11.1
3.46944695195361e-18 0.003 11.1
0.000500000000000003 0.003 11.1
0.001 0.003 11.1
0.0015 0.003 11.1
0.002 0.003 11.1
0.0025 0.003 11.1
0.003 0.003 11.1
0.0035 0.003 11.1
0.004 0.003 11.1
0.0045 0.003 11.1
0.005 0.003 11.1
0.0055 0.003 11.1
0.00600000000000001 0.003 11.1
0.00650000000000001 0.003 11.1
0.00700000000000001 0.003 11.1
0.00750000000000001 0.003 11.1

-0.0075 0.0035 11.1
-0.007 0.0035 11.1
-0.0065 0.0035 11.1
-0.006 0.0035 11.1
-0.0055 0.0035 11.1
-0.005 0.0035 11.1
-0.0045 0.0035 11.1
-0.004 0.0035 11.1
-0.0035 0.0035 11.1
-0.003 0.0035 11.1
-0.0025 0.0035 11.1
-0.002 0.0035 11.1
-0.0015 0.0035 11.1
-0.000999999999999997 0.0035 11.1
-0.000499999999999997 0.0035 11.1
3.46944695195361e-18 0.0035 11.1
0.000500000000000003 0.0035 11.1
0.001 0.0035 11.1
0.0015 0.0035 11.1
0.002 0.0035 11.1
0.0025 0.0035 11.1
0.003 0.0035 11.1
0.0035 0.0035 11.1
0.004 0.0035 11.1
0.0045 0.0035 11.1
0.005 0.0035 11.1
0.0055 0.0035 11.1
0.00600000000000001 0.0035 11.1
0.00650000000000001 0.0035 11.1
0.00700000000000001 0.0035 11.1
0.00750000000000001 0.0035 11.1

-0.0075 0.004 11.1
-0.007 0.004 11.1
-0.0065 0.004 11.1
-0.006 0.004 11.1
-0.0055 0.004 11.1
-0.005 0.004 11.1
-0.0045 0.004 11.1
-0.004 0.004 11.1
-0.0035 0.004 11.1
-0.003 0.004 11.1
-0.0025 0.004 11.1
-0.002 0.004 11.1
-0.0015 0.004 11.1
-0.000999999999999997 0.004 11.1
-0.000499999999999997 0.004 11.1
3.46944695195361e-18 0.004 11.1
0.000500000000000003 0.004 11.1
0.001 0.004 11.1
0.0015 0.004 11.1
0.002 0.004 11.1
0.0025 0.004 11.1
0.003 0.004 11.1
0.0035 0.004 11.1
0.004 0.004 11.1
0.0045 0.004 11.1
0.005 0.004 11.1
0.0055 0.004 11.1
0.00600000000000001 0.004 11.1
0.00650000000000001 0.004 11.1
0.00700000000000001 0.004 11.1
0.00750000000000001 0.004 11.1

-0.0075 0.0045 11.1
-0.007 0.0045 11.1
-0.0065 0.0045 11.1
-0.006 0.0045 11.1
-0.0055 0.0045 11.1
-0.005 0.0045 11.1
-0.0045 0.0045 11.1
-0.004 0.0045 11.1
-0.0035 0.0045 11.1
-0.003 0.0045 11.1
-0.0025 0.0045 11.1
-0.002 0.0045 11.1
-0.0015 0.0045 11.1
-0.000999999999999997 0.0045 11.1
-0.000499999999999997 0.0045 11.1
3.46944695195361e-18 0.0045 11.1
0.000500000000000003 0.0045 11.1
0.001 0.0045 11.1
0.0015 0.0045 11.1
0.002 0.0045 11.1
0.0025 0.0045 11.1
0.003 0.0045 11.1
0.0035 0.0045 11.1
0.004 0.0045 11.1
0.0045 0.0045 11.1
0.005 0.0045 11.1
0.0055 0.0045 11.1
0.00600000000000001 0.0045 11.1
0.00650000000000001 0.0045 11.1
0.00700000000000001 0.0045 11.1
0.00750000000000001 0.0045 11.1

-0.0075 0.005 11.1
-0.007 0.005 11.1
-0.0065 0.005 11.1
-0.006 0.005 11.1
-0.0055 0.005 11.1
-0.005 0.005 11.1
-0.0045 0.005 11.1
-0.004 0.005 11.1
-0.0035 0.005 11.1
-0.003 0.005 11.1
-0.0025 0.005 11.1
-0.002 0.005 11.1
-0.0015 0.005 11.1
-0.000999999999999997 0.005 11.1
-0.000499999999999997 0.005 11.1
3.46944695195361e-18 0.005 11.1
0.000500000000000003 0.005 11.1
0.001 0.005 11.1
0.0015 0.005 11.1
0.002 0.005 11.1
0.0025 0.005 11.1
0.003 0.005 11.1
0.0035 0.005 11.1
0.004 0.005 11.1
0.0045 0.005 11.1
0.005 0.005 11.1
0.0055 0.005 11.1
0.00600000000000001 0.005 11.1
0.00650000000000001 0.005 11.1
0.00700000000000001 0.005 11.1
0.00750000000000001 0.005 11.1

-0.0075 0.0055 11.1
-0.007 0.0055 11.1
-0.0065 0.0055 11.1
-0.006 0.0055 11.1
-0.0055 0.0055 11.1
-0.005 0.0055 11.1
-0.0045 0.0055 11.1
-0.004 0.0055 11.1
-0.0035 0.0055 11.1
-0.003 0.0055 11.1
-0.0025 0.0055 11.1
-0.002 0.0055 11.1
-0.0015 0.0055 11.1
-0.000999999999999997 0.0055 11.1
-0.000499999999999997 0.0055 11.1
3.46944695195361e-18 0.0055 11.1
0.000500000000000003 0.0055 11.1
0.001 0.0055 11.1
0.0015 0.0055 11.1
0.002 0.0055 11.1
0.0025 0.0055 11.1
0.003 0.0055 11.1
0.0035 0.0055 11.1
0.004 0.0055 11.1
0.0045 0.0055 11.1
0.005 0.0055 11.1
0.0055 0.0055 11.1
0.00600000000000001 0.0055 11.1
0.00650000000000001 0.0055 11.1
0.00700000000000001 0.0055 11.1
0.00750000000000001 0.0055 11.1

-0.0075 0.00600000000000001 11.1
-0.007 0.00600000000000001 11.1
-0.0065 0.00600000000000001 11.1
-0.006 0.00600000000000001 11.1
-0.0055 0.00600000000000001 11.1
-0.005 0.00600000000000001 11.1
-0.0045 0.00600000000000001 11.1
-0.004 0.00600000000000001 11.1
-0.0035 0.00600000000000001 11.1
-0.003 0.00600000000000001 11.1
-0.0025 0.00600000000000001 11.1
-0.002 0.00600000000000001 11.1
-0.0015 0.00600000000000001 11.1
-0.000999999999999997 0.00600000000000001 11.1
-0.000499999999999997 0.00600000000000001 11.1
3.46944695195361e-18 0.00600000000000001 11.1
0.000500000000000003 0.00600000000000001 11.1
0.001 0.00600000000000001 11.1
0.0015 0.00600000000000001 11.1
0.002 0.00600000000000001 11.1
0.0025 0.00600000000000001 11.1
0.003 0.00600000000000001 11.1
0.0035 0.00600000000000001 11.1
0.004 0.00600000000000001 11.1
0.0045 0.00600000000000001 11.1
0.005 0.00600000000000001 11.1
0.0055 0.00600000000000001 11.1
0.00600000000000001 0.00600000000000001 11.1
0.00650000000000001 0.00600000000000001 11.1
0.00700000000000001 0.00600000000000001 11.1
0.00750000000000001 0.00600000000000001 11.1

-0.0075 0.00650000000000001 11.1
-0.007 0.00650000000000001 11.1
-0.0065 0.00650000000000001 11.1
-0.006 0.00650000000000001 11.1
-0.0055 0.00650000000000001 11.1
-0.005 0.00650000000000001 11.1
-0.0045 0.00650000000000001 11.1
-0.004 0.00650000000000001 11.1
-0.0035 0.00650000000000001 11.1
-0.003 0.00650000000000001 11.1
-0.0025 0.00650000000000001 11.1
-0.002 0.00650000000000001 11.1
-0.0015 0.00650000000000001 11.1
-0.000999999999999997 0.00650000000000001 11.1
-0.000499999999999997 0.00650000000000001 11.1
3.46944695195361e-18 0.00650000000000001 11.1
0.000500000000000003 0.00650000000000001 11.1
0.001 0.00650000000000001 11.1
0.0015 0.00650000000000001 11.1
0.002 0.00650000000000001 11.1
0.0025 0.00650000000000001 11.1
0.003 0.00650000000000001 11.1
0.0035 0.00650000000000001 11.1
0.004 0.00650000000000001 11.1
0.0045 0.00650000000000001 11.1
0.005 0.00650000000000001 11.1
0.0055 0.00650000000000001 11.1
0.00600000000000001 0.00650000000000001 11.1
0.00650000000000001 0.00650000000000001 11.1
0.00700000000000001 0.00650000000000001 11.1
0.00750000000000001 0.00650000000000001 11.1

-0.0075 0.00700000000000001 11.1
-0.007 0.00700000000000001 11.1
-0.0065 0.00700000000000001 11.1
-0.006 0.00700000000000001 11.1
-0.0055 0.00700000000000001 11.1
-0.005 0.00700000000000001 11.1
-0.0045 0.00700000000000001 11.1
-0.004 0.00700000000000001 11.1
-0.0035 0.00700000000000001 11.1
-0.003 0.00700000000000001 11.1
-0.0025 0.00700000000000001 11.1
-0.002 0.00700000000000001 11.1
-0.0015 0.00700000000000001 11.1
-0.000999999999999997 0.00700000000000001 11.1
-0.000499999999999997 0.00700000000000001 11.1
3.46944695195361e-18 0.00700000000000001 11.1
0.000500000000000003 0.00700000000000001 11.1
0.001 0.00700000000000001 11.1
0.0015 0.00700000000000001 11.1
0.002 0.00700000000000001 11.1
0.0025 0.00700000000000001 11.1
0.003 0.00700000000000001 11.1
0.0035 0.00700000000000001 11.1
0.004 0.00700000000000001 11.1
0.0045 0.00700000000000001 11.1
0.005 0.00700000000000001 11.1
0.0055 0.00700000000000001 11.1
0.00600000000000001 0.00700000000000001 11.1
0.00650000000000001 0.00700000000000001 11.1
0.00700000000000001 0.00700000000000001 11.1
0.00750000000000001 0.00700000000000001 11.1

-0.0075 0.00750000000000001 11.1
-0.007 0.00750000000000001 11.1
-0.0065 0.00750000000000001 11.1
-0.006 0.00750000000000001 11.1
-0.0055 0.00750000000000001 11.1
-0.005 0.00750000000000001 11.1
-0.0045 0.00750000000000001 11.1
-0.004 0.00750000000000001 11.1
-0.0035 0.00750000000000001 11.1
-0.003 0.00750000000000001 11.1
-0.0025 0.00750000000000001 11.1
-0.002 0.00750000000000001 11.1
-0.0015 0.00750000000000001 11.1
-0.000999999999999997 0.00750000000000001 11.1
-0.000499999999999997 0.00750000000000001 11.1
3.46944695195361e-18 0.00750000000000001 11.1
0.000500000000000003 0.00750000000000001 11.1
0.001 0.00750000000000001 11.1
0.0015 0.00750000000000001 11.1
0.002 0.00750000000000001 11.1
0.0025 0.00750000000000001 11.1
0.003 0.00750000000000001 11.1
0.0035 0.00750000000000001 11.1
0.004 0.00750000000000001 11.1
0.0045 0.00750000000000001 11.1
0.005 0.00750000000000001 11.1
0.0055 0.00750000000000001 11.1
0.00600000000000001 0.00750000000000001 11.1
0.00650000000000001 0.00750000000000001 11.1
0.00700000000000001 0.00750000000000001 11.1
0.00750000000000001 0.00750000000000001 11.1
