# gzz component calculated with tessgzz 1.1.1-56-gd510906-dirty:
#   local time: Fri Nov  7 17:03:08 2014
#   model file: tesseroid_vs_spherical_shell_files/model-size1.0.tess (64800 tesseroids)
#   GLQ order: 2 lon / 2 lat / 2 r
#   Use recursive division of tesseroids: False
#   Distance-size ratio for recusive division: 6
0.000000 89.000000 10000.000000 -54.9233804642649
0.000000 89.111111 10000.000000 -39.0832528045853
0.000000 89.222222 10000.000000 190.959440316628
0.000000 89.333333 10000.000000 -45.7539236647209
0.000000 89.444444 10000.000000 -43.7816717209962
0.000000 89.555556 10000.000000 -41.0470329047861
0.000000 89.666667 10000.000000 -42.6644360510328
0.000000 89.777778 10000.000000 184.424194490323
0.000000 89.888889 10000.000000 -39.2933692924974
0.000000 90.000000 10000.000000 -68.7403167386262
0.111111 89.000000 10000.000000 -54.9233804642589
0.111111 89.111111 10000.000000 -39.0832528039511
0.111111 89.222222 10000.000000 190.959440292176
0.111111 89.333333 10000.000000 -45.7539236647303
0.111111 89.444444 10000.000000 -43.7816717210167
0.111111 89.555556 10000.000000 -41.0470329047972
0.111111 89.666667 10000.000000 -42.6644360510419
0.111111 89.777778 10000.000000 184.424194486779
0.111111 89.888889 10000.000000 -39.2933692926644
0.111111 90.000000 10000.000000 -68.7403167386262
0.222222 89.000000 10000.000000 -54.9233804642455
0.222222 89.111111 10000.000000 -39.0832528036011
0.222222 89.222222 10000.000000 190.959440298025
0.222222 89.333333 10000.000000 -45.7539236647699
0.222222 89.444444 10000.000000 -43.7816717210237
0.222222 89.555556 10000.000000 -41.0470329047856
0.222222 89.666667 10000.000000 -42.6644360511604
0.222222 89.777778 10000.000000 184.424194485653
0.222222 89.888889 10000.000000 -39.2933692928307
0.222222 90.000000 10000.000000 -68.7403167386262
0.333333 89.000000 10000.000000 -54.9233804642487
0.333333 89.111111 10000.000000 -39.0832528039623
0.333333 89.222222 10000.000000 190.95944029571
0.333333 89.333333 10000.000000 -45.7539236648079
0.333333 89.444444 10000.000000 -43.781671721011
0.333333 89.555556 10000.000000 -41.0470329047889
0.333333 89.666667 10000.000000 -42.6644360510772
0.333333 89.777778 10000.000000 184.424194491007
0.333333 89.888889 10000.000000 -39.2933692927223
0.333333 90.000000 10000.000000 -68.7403167386262
0.444444 89.000000 10000.000000 -54.9233804642765
0.444444 89.111111 10000.000000 -39.0832528043019
0.444444 89.222222 10000.000000 190.95944029255
0.444444 89.333333 10000.000000 -45.7539236647661
0.444444 89.444444 10000.000000 -43.7816717210287
0.444444 89.555556 10000.000000 -41.0470329047936
0.444444 89.666667 10000.000000 -42.6644360510673
0.444444 89.777778 10000.000000 184.424194487586
0.444444 89.888889 10000.000000 -39.2933692926429
0.444444 90.000000 10000.000000 -68.7403167386262
0.555556 89.000000 10000.000000 -54.9233804642765
0.555556 89.111111 10000.000000 -39.083252804302
0.555556 89.222222 10000.000000 190.95944029255
0.555556 89.333333 10000.000000 -45.7539236647661
0.555556 89.444444 10000.000000 -43.7816717210287
0.555556 89.555556 10000.000000 -41.0470329047936
0.555556 89.666667 10000.000000 -42.6644360510673
0.555556 89.777778 10000.000000 184.424194487586
0.555556 89.888889 10000.000000 -39.2933692926429
0.555556 90.000000 10000.000000 -68.7403167386262
0.666667 89.000000 10000.000000 -54.9233804642487
0.666667 89.111111 10000.000000 -39.0832528039624
0.666667 89.222222 10000.000000 190.95944029571
0.666667 89.333333 10000.000000 -45.7539236648078
0.666667 89.444444 10000.000000 -43.781671721011
0.666667 89.555556 10000.000000 -41.0470329047889
0.666667 89.666667 10000.000000 -42.6644360510761
0.666667 89.777778 10000.000000 184.424194491007
0.666667 89.888889 10000.000000 -39.2933692927222
0.666667 90.000000 10000.000000 -68.7403167386262
0.777778 89.000000 10000.000000 -54.9233804642455
0.777778 89.111111 10000.000000 -39.0832528036012
0.777778 89.222222 10000.000000 190.959440298025
0.777778 89.333333 10000.000000 -45.7539236647699
0.777778 89.444444 10000.000000 -43.7816717210237
0.777778 89.555556 10000.000000 -41.0470329047856
0.777778 89.666667 10000.000000 -42.6644360511605
0.777778 89.777778 10000.000000 184.424194485653
0.777778 89.888889 10000.000000 -39.2933692928307
0.777778 90.000000 10000.000000 -68.7403167386262
0.888889 89.000000 10000.000000 -54.9233804642589
0.888889 89.111111 10000.000000 -39.0832528039511
0.888889 89.222222 10000.000000 190.959440292176
0.888889 89.333333 10000.000000 -45.7539236647303
0.888889 89.444444 10000.000000 -43.7816717210167
0.888889 89.555556 10000.000000 -41.0470329047971
0.888889 89.666667 10000.000000 -42.6644360510419
0.888889 89.777778 10000.000000 184.424194486779
0.888889 89.888889 10000.000000 -39.2933692926644
0.888889 90.000000 10000.000000 -68.7403167386262
1.000000 89.000000 10000.000000 -54.9233804642649
1.000000 89.111111 10000.000000 -39.0832528045853
1.000000 89.222222 10000.000000 190.959440316628
1.000000 89.333333 10000.000000 -45.7539236647209
1.000000 89.444444 10000.000000 -43.7816717209963
1.000000 89.555556 10000.000000 -41.0470329047861
1.000000 89.666667 10000.000000 -42.6644360510328
1.000000 89.777778 10000.000000 184.424194490323
1.000000 89.888889 10000.000000 -39.2933692924974
1.000000 90.000000 10000.000000 -68.7403167386262
