# gzz component calculated with tessgzz 1.1.1-69-g5e83b92:
#   local time: Fri Nov 21 19:50:44 2014
#   model file: tesseroid_vs_spherical_shell_files/model-size1.0.tess (64800 tesseroids)
#   GLQ order: 2 lon / 2 lat / 2 r
#   Use recursive division of tesseroids: True
#   Distance-size ratio for recusive division: 1
0.000000 89.000000 150000.000000 0.664968508617834
0.000000 89.111111 150000.000000 0.665797237708856
0.000000 89.222222 150000.000000 0.662442248239196
0.000000 89.333333 150000.000000 0.655505887535424
0.000000 89.444444 150000.000000 0.646657471096806
0.000000 89.555556 150000.000000 0.637930013187951
0.000000 89.666667 150000.000000 0.630923943181972
0.000000 89.777778 150000.000000 0.626315297964041
0.000000 89.888889 150000.000000 0.623917654124012
0.000000 90.000000 150000.000000 0.623205734585274
0.111111 89.000000 150000.000000 0.664968508617796
0.111111 89.111111 150000.000000 0.665797237708874
0.111111 89.222222 150000.000000 0.662442248239195
0.111111 89.333333 150000.000000 0.655505887535435
0.111111 89.444444 150000.000000 0.646657471096693
0.111111 89.555556 150000.000000 0.637930013188013
0.111111 89.666667 150000.000000 0.630923943181914
0.111111 89.777778 150000.000000 0.626315297964127
0.111111 89.888889 150000.000000 0.62391765412403
0.111111 90.000000 150000.000000 0.623205734585274
0.222222 89.000000 150000.000000 0.664968508617732
0.222222 89.111111 150000.000000 0.665797237708903
0.222222 89.222222 150000.000000 0.662442248239199
0.222222 89.333333 150000.000000 0.65550588753544
0.222222 89.444444 150000.000000 0.646657471096697
0.222222 89.555556 150000.000000 0.637930013187935
0.222222 89.666667 150000.000000 0.630923943181989
0.222222 89.777778 150000.000000 0.626315297964123
0.222222 89.888889 150000.000000 0.623917654124075
0.222222 90.000000 150000.000000 0.623205734585274
0.333333 89.000000 150000.000000 0.664968508617741
0.333333 89.111111 150000.000000 0.665797237708897
0.333333 89.222222 150000.000000 0.662442248239218
0.333333 89.333333 150000.000000 0.65550588753549
0.333333 89.444444 150000.000000 0.646657471096701
0.333333 89.555556 150000.000000 0.63793001318793
0.333333 89.666667 150000.000000 0.63092394318196
0.333333 89.777778 150000.000000 0.626315297964109
0.333333 89.888889 150000.000000 0.623917654124013
0.333333 90.000000 150000.000000 0.623205734585274
0.444444 89.000000 150000.000000 0.664968508617801
0.444444 89.111111 150000.000000 0.665797237708913
0.444444 89.222222 150000.000000 0.662442248239213
0.444444 89.333333 150000.000000 0.655505887535435
0.444444 89.444444 150000.000000 0.646657471096722
0.444444 89.555556 150000.000000 0.637930013187915
0.444444 89.666667 150000.000000 0.630923943181981
0.444444 89.777778 150000.000000 0.626315297964071
0.444444 89.888889 150000.000000 0.623917654124035
0.444444 90.000000 150000.000000 0.623205734585274
0.555556 89.000000 150000.000000 0.6649685086178
0.555556 89.111111 150000.000000 0.665797237708917
0.555556 89.222222 150000.000000 0.662442248239211
0.555556 89.333333 150000.000000 0.655505887535436
0.555556 89.444444 150000.000000 0.646657471096721
0.555556 89.555556 150000.000000 0.637930013187915
0.555556 89.666667 150000.000000 0.630923943181976
0.555556 89.777778 150000.000000 0.626315297964067
0.555556 89.888889 150000.000000 0.623917654124037
0.555556 90.000000 150000.000000 0.623205734585274
0.666667 89.000000 150000.000000 0.664968508617744
0.666667 89.111111 150000.000000 0.665797237708894
0.666667 89.222222 150000.000000 0.662442248239213
0.666667 89.333333 150000.000000 0.655505887535476
0.666667 89.444444 150000.000000 0.646657471096702
0.666667 89.555556 150000.000000 0.637930013187931
0.666667 89.666667 150000.000000 0.630923943181959
0.666667 89.777778 150000.000000 0.626315297964112
0.666667 89.888889 150000.000000 0.623917654124015
0.666667 90.000000 150000.000000 0.623205734585274
0.777778 89.000000 150000.000000 0.66496850861773
0.777778 89.111111 150000.000000 0.665797237708903
0.777778 89.222222 150000.000000 0.662442248239193
0.777778 89.333333 150000.000000 0.655505887535438
0.777778 89.444444 150000.000000 0.646657471096699
0.777778 89.555556 150000.000000 0.637930013187934
0.777778 89.666667 150000.000000 0.630923943181989
0.777778 89.777778 150000.000000 0.626315297964119
0.777778 89.888889 150000.000000 0.623917654124073
0.777778 90.000000 150000.000000 0.623205734585274
0.888889 89.000000 150000.000000 0.664968508617797
0.888889 89.111111 150000.000000 0.665797237708871
0.888889 89.222222 150000.000000 0.662442248239195
0.888889 89.333333 150000.000000 0.655505887535433
0.888889 89.444444 150000.000000 0.646657471096697
0.888889 89.555556 150000.000000 0.637930013188011
0.888889 89.666667 150000.000000 0.630923943181911
0.888889 89.777778 150000.000000 0.626315297964126
0.888889 89.888889 150000.000000 0.623917654124031
0.888889 90.000000 150000.000000 0.623205734585274
1.000000 89.000000 150000.000000 0.664968508617833
1.000000 89.111111 150000.000000 0.665797237708855
1.000000 89.222222 150000.000000 0.662442248239196
1.000000 89.333333 150000.000000 0.655505887535424
1.000000 89.444444 150000.000000 0.646657471096806
1.000000 89.555556 150000.000000 0.63793001318795
1.000000 89.666667 150000.000000 0.630923943181972
1.000000 89.777778 150000.000000 0.62631529796404
1.000000 89.888889 150000.000000 0.623917654124011
1.000000 90.000000 150000.000000 0.623205734585274
