# gzz component calculated with tessgzz 1.1.1-56-gd510906-dirty:
#   local time: Fri Nov  7 17:03:15 2014
#   model file: tesseroid_vs_spherical_shell_files/model-size1.0.tess (64800 tesseroids)
#   GLQ order: 2 lon / 2 lat / 2 r
#   Use recursive division of tesseroids: True
#   Distance-size ratio for recusive division: 0.5
0.000000 89.000000 10000.000000 -54.9233804642649
0.000000 89.111111 10000.000000 2.98874251777682
0.000000 89.222222 10000.000000 11.524623470119
0.000000 89.333333 10000.000000 -1.32037062491452
0.000000 89.444444 10000.000000 -5.44428379589896
0.000000 89.555556 10000.000000 -7.64080852995917
0.000000 89.666667 10000.000000 -1.54951335680407
0.000000 89.777778 10000.000000 7.34985386420105
0.000000 89.888889 10000.000000 -0.863196340954911
0.000000 90.000000 10000.000000 -68.7403167386262
0.111111 89.000000 10000.000000 -54.9233804642589
0.111111 89.111111 10000.000000 2.98952457630998
0.111111 89.222222 10000.000000 11.5246411320006
0.111111 89.333333 10000.000000 -1.36519882155066
0.111111 89.444444 10000.000000 -5.44150164486996
0.111111 89.555556 10000.000000 -7.63805206142228
0.111111 89.666667 10000.000000 -1.54953694027266
0.111111 89.777778 10000.000000 7.34984884622756
0.111111 89.888889 10000.000000 -0.863241649893202
0.111111 90.000000 10000.000000 -68.7403167386262
0.222222 89.000000 10000.000000 -54.9233804642455
0.222222 89.111111 10000.000000 2.98271735977908
0.222222 89.222222 10000.000000 11.5396374238272
0.222222 89.333333 10000.000000 -1.3712819022924
0.222222 89.444444 10000.000000 -5.92095445884423
0.222222 89.555556 10000.000000 -7.63440570876856
0.222222 89.666667 10000.000000 -1.54960778151353
0.222222 89.777778 10000.000000 7.3744798061537
0.222222 89.888889 10000.000000 -0.863377580731364
0.222222 90.000000 10000.000000 -68.7403167386262
0.333333 89.000000 10000.000000 -54.9233804642487
0.333333 89.111111 10000.000000 2.99091098756995
0.333333 89.222222 10000.000000 11.5395203894906
0.333333 89.333333 10000.000000 -1.37073706343872
0.333333 89.444444 10000.000000 -5.92964825544824
0.333333 89.555556 10000.000000 -7.62395154506288
0.333333 89.666667 10000.000000 -1.54027134427165
0.333333 89.777778 10000.000000 7.38124455963745
0.333333 89.888889 10000.000000 -0.863604141263685
0.333333 90.000000 10000.000000 -68.7403167386262
0.444444 89.000000 10000.000000 -54.9233804642765
0.444444 89.111111 10000.000000 3.2213175468626
0.444444 89.222222 10000.000000 11.5387511223676
0.444444 89.333333 10000.000000 -1.37031995211098
0.444444 89.444444 10000.000000 -5.9336253935623
0.444444 89.555556 10000.000000 -7.86815412335218
0.444444 89.666667 10000.000000 -1.52907343575402
0.444444 89.777778 10000.000000 7.38125414501559
0.444444 89.888889 10000.000000 -0.838150902952296
0.444444 90.000000 10000.000000 -68.7403167386262
0.555556 89.000000 10000.000000 -54.9233804642765
0.555556 89.111111 10000.000000 3.2213175468626
0.555556 89.222222 10000.000000 11.5387511223676
0.555556 89.333333 10000.000000 -1.37031995211099
0.555556 89.444444 10000.000000 -5.93362539356229
0.555556 89.555556 10000.000000 -7.86815412335219
0.555556 89.666667 10000.000000 -1.52907343575403
0.555556 89.777778 10000.000000 7.38125414501561
0.555556 89.888889 10000.000000 -0.838150902952302
0.555556 90.000000 10000.000000 -68.7403167386262
0.666667 89.000000 10000.000000 -54.9233804642487
0.666667 89.111111 10000.000000 2.99091098756994
0.666667 89.222222 10000.000000 11.5395203894906
0.666667 89.333333 10000.000000 -1.37073706343867
0.666667 89.444444 10000.000000 -5.92964825544822
0.666667 89.555556 10000.000000 -7.6239515450629
0.666667 89.666667 10000.000000 -1.54027134427164
0.666667 89.777778 10000.000000 7.38124455963744
0.666667 89.888889 10000.000000 -0.863604141263657
0.666667 90.000000 10000.000000 -68.7403167386262
0.777778 89.000000 10000.000000 -54.9233804642455
0.777778 89.111111 10000.000000 2.98271735977905
0.777778 89.222222 10000.000000 11.5396374238272
0.777778 89.333333 10000.000000 -1.37128190229238
0.777778 89.444444 10000.000000 -5.92095445884421
0.777778 89.555556 10000.000000 -7.63440570876854
0.777778 89.666667 10000.000000 -1.54960778151353
0.777778 89.777778 10000.000000 7.37447980615368
0.777778 89.888889 10000.000000 -0.863377580731382
0.777778 90.000000 10000.000000 -68.7403167386262
0.888889 89.000000 10000.000000 -54.9233804642589
0.888889 89.111111 10000.000000 2.98952457631
0.888889 89.222222 10000.000000 11.5246411320006
0.888889 89.333333 10000.000000 -1.3651988215498
0.888889 89.444444 10000.000000 -5.44150164486995
0.888889 89.555556 10000.000000 -7.63805206142224
0.888889 89.666667 10000.000000 -1.54953694027258
0.888889 89.777778 10000.000000 7.34984884622758
0.888889 89.888889 10000.000000 -0.863241649893194
0.888889 90.000000 10000.000000 -68.7403167386262
1.000000 89.000000 10000.000000 -54.9233804642649
1.000000 89.111111 10000.000000 2.98874251777683
1.000000 89.222222 10000.000000 11.524623470119
1.000000 89.333333 10000.000000 -1.32037062491455
1.000000 89.444444 10000.000000 -5.44428379589893
1.000000 89.555556 10000.000000 -7.64080852995917
1.000000 89.666667 10000.000000 -1.54951335680407
1.000000 89.777778 10000.000000 7.34985386420105
1.000000 89.888889 10000.000000 -0.863196340954909
1.000000 90.000000 10000.000000 -68.7403167386262
