# gzz component calculated with tessgzz 1.1.1-64-g01601c8-dirty:
#   local time: Sat Nov 15 19:57:15 2014
#   model file: tesseroid_vs_spherical_shell_files/model-size1.0.tess (64800 tesseroids)
#   GLQ order: 2 lon / 2 lat / 2 r
#   Use recursive division of tesseroids: True
#   Distance-size ratio for recusive division: 5.5
0.000000 89.000000 50000.000000 0.685879575512134
0.000000 89.111111 50000.000000 0.685882336295761
0.000000 89.222222 50000.000000 0.68588649638467
0.000000 89.333333 50000.000000 0.685904955514866
0.000000 89.444444 50000.000000 0.685928208979949
0.000000 89.555556 50000.000000 0.685943839097725
0.000000 89.666667 50000.000000 0.685933576769287
0.000000 89.777778 50000.000000 0.685910229805424
0.000000 89.888889 50000.000000 0.68585756233112
0.000000 90.000000 50000.000000 0.685824129777918
0.111111 89.000000 50000.000000 0.685879515053349
0.111111 89.111111 50000.000000 0.685882193131235
0.111111 89.222222 50000.000000 0.685886177891306
0.111111 89.333333 50000.000000 0.685905041566451
0.111111 89.444444 50000.000000 0.685928015636783
0.111111 89.555556 50000.000000 0.685943592479201
0.111111 89.666667 50000.000000 0.685933577117758
0.111111 89.777778 50000.000000 0.685910135093513
0.111111 89.888889 50000.000000 0.685857424646659
0.111111 90.000000 50000.000000 0.685824129777918
0.222222 89.000000 50000.000000 0.685879124460973
0.222222 89.111111 50000.000000 0.685882134764704
0.222222 89.222222 50000.000000 0.685886243097489
0.222222 89.333333 50000.000000 0.685904935038666
0.222222 89.444444 50000.000000 0.685928104764435
0.222222 89.555556 50000.000000 0.685943698646032
0.222222 89.666667 50000.000000 0.685933377268519
0.222222 89.777778 50000.000000 0.685910452780893
0.222222 89.888889 50000.000000 0.685857424429275
0.222222 90.000000 50000.000000 0.685824129777918
0.333333 89.000000 50000.000000 0.685879108774545
0.333333 89.111111 50000.000000 0.68588220591885
0.333333 89.222222 50000.000000 0.685886040570433
0.333333 89.333333 50000.000000 0.68590484006475
0.333333 89.444444 50000.000000 0.685928154932601
0.333333 89.555556 50000.000000 0.685943616833611
0.333333 89.666667 50000.000000 0.685933237829865
0.333333 89.777778 50000.000000 0.68591054568889
0.333333 89.888889 50000.000000 0.685857707967969
0.333333 90.000000 50000.000000 0.685824129777918
0.444444 89.000000 50000.000000 0.685878896426993
0.444444 89.111111 50000.000000 0.685882407720932
0.444444 89.222222 50000.000000 0.685885923923859
0.444444 89.333333 50000.000000 0.68590452930097
0.444444 89.444444 50000.000000 0.685928275800437
0.444444 89.555556 50000.000000 0.685943855036555
0.444444 89.666667 50000.000000 0.685933017024387
0.444444 89.777778 50000.000000 0.685910115523035
0.444444 89.888889 50000.000000 0.685857707835999
0.444444 90.000000 50000.000000 0.685824129777918
0.555556 89.000000 50000.000000 0.685878896426981
0.555556 89.111111 50000.000000 0.685882407720909
0.555556 89.222222 50000.000000 0.685885923923848
0.555556 89.333333 50000.000000 0.685904529300978
0.555556 89.444444 50000.000000 0.685928275800447
0.555556 89.555556 50000.000000 0.685943855036542
0.555556 89.666667 50000.000000 0.685933017024392
0.555556 89.777778 50000.000000 0.685910115523054
0.555556 89.888889 50000.000000 0.685857707836013
0.555556 90.000000 50000.000000 0.685824129777918
0.666667 89.000000 50000.000000 0.685879108774546
0.666667 89.111111 50000.000000 0.685882205918842
0.666667 89.222222 50000.000000 0.685886040570443
0.666667 89.333333 50000.000000 0.685904840064737
0.666667 89.444444 50000.000000 0.68592815493258
0.666667 89.555556 50000.000000 0.685943616833582
0.666667 89.666667 50000.000000 0.685933237829865
0.666667 89.777778 50000.000000 0.685910545688884
0.666667 89.888889 50000.000000 0.685857707967941
0.666667 90.000000 50000.000000 0.685824129777918
0.777778 89.000000 50000.000000 0.685879124460977
0.777778 89.111111 50000.000000 0.685882134764722
0.777778 89.222222 50000.000000 0.68588624309749
0.777778 89.333333 50000.000000 0.685904935038664
0.777778 89.444444 50000.000000 0.685928104764438
0.777778 89.555556 50000.000000 0.685943698646016
0.777778 89.666667 50000.000000 0.685933377268522
0.777778 89.777778 50000.000000 0.685910452780892
0.777778 89.888889 50000.000000 0.685857424429274
0.777778 90.000000 50000.000000 0.685824129777918
0.888889 89.000000 50000.000000 0.685879515053362
0.888889 89.111111 50000.000000 0.685882193131251
0.888889 89.222222 50000.000000 0.685886177891292
0.888889 89.333333 50000.000000 0.685905041566459
0.888889 89.444444 50000.000000 0.685928015636813
0.888889 89.555556 50000.000000 0.685943592479187
0.888889 89.666667 50000.000000 0.685933577117736
0.888889 89.777778 50000.000000 0.685910135093488
0.888889 89.888889 50000.000000 0.685857424646672
0.888889 90.000000 50000.000000 0.685824129777918
1.000000 89.000000 50000.000000 0.685879575512131
1.000000 89.111111 50000.000000 0.685882336295758
1.000000 89.222222 50000.000000 0.685886496384672
1.000000 89.333333 50000.000000 0.68590495551487
1.000000 89.444444 50000.000000 0.685928208979947
1.000000 89.555556 50000.000000 0.685943839097727
1.000000 89.666667 50000.000000 0.685933576769285
1.000000 89.777778 50000.000000 0.685910229805423
1.000000 89.888889 50000.000000 0.685857562331113
1.000000 90.000000 50000.000000 0.685824129777918
