# gzz component calculated with tessgzz 1.1.1-64-g01601c8-dirty:
#   local time: Sat Nov 15 19:55:13 2014
#   model file: tesseroid_vs_spherical_shell_files/model-size1.0.tess (64800 tesseroids)
#   GLQ order: 2 lon / 2 lat / 2 r
#   Use recursive division of tesseroids: True
#   Distance-size ratio for recusive division: 7
0.000000 89.000000 10000.000000 0.698790344517844
0.000000 89.111111 10000.000000 0.698844136554839
0.000000 89.222222 10000.000000 0.698945367133853
0.000000 89.333333 10000.000000 0.69894803321119
0.000000 89.444444 10000.000000 0.698875202516902
0.000000 89.555556 10000.000000 0.698859672224906
0.000000 89.666667 10000.000000 0.698869269953666
0.000000 89.777778 10000.000000 0.69887828263498
0.000000 89.888889 10000.000000 0.698912712804421
0.000000 90.000000 10000.000000 0.698831023394557
0.111111 89.000000 10000.000000 0.698791727150495
0.111111 89.111111 10000.000000 0.698831686989801
0.111111 89.222222 10000.000000 0.698942518602509
0.111111 89.333333 10000.000000 0.698950671133617
0.111111 89.444444 10000.000000 0.698872237004531
0.111111 89.555556 10000.000000 0.698866555889098
0.111111 89.666667 10000.000000 0.698868192614337
0.111111 89.777778 10000.000000 0.698878616364664
0.111111 89.888889 10000.000000 0.698913237741599
0.111111 90.000000 10000.000000 0.698831023394557
0.222222 89.000000 10000.000000 0.698799018316568
0.222222 89.111111 10000.000000 0.698846106165193
0.222222 89.222222 10000.000000 0.698953174173114
0.222222 89.333333 10000.000000 0.698952553029467
0.222222 89.444444 10000.000000 0.698875115946782
0.222222 89.555556 10000.000000 0.698865868482069
0.222222 89.666667 10000.000000 0.698867154292523
0.222222 89.777778 10000.000000 0.698877539868437
0.222222 89.888889 10000.000000 0.698912850400932
0.222222 90.000000 10000.000000 0.698831023394557
0.333333 89.000000 10000.000000 0.698801739487178
0.333333 89.111111 10000.000000 0.698838085916913
0.333333 89.222222 10000.000000 0.698960511906319
0.333333 89.333333 10000.000000 0.698940741201962
0.333333 89.444444 10000.000000 0.698874954802518
0.333333 89.555556 10000.000000 0.698866982802616
0.333333 89.666667 10000.000000 0.698868720707888
0.333333 89.777778 10000.000000 0.698877692002193
0.333333 89.888889 10000.000000 0.698913241886729
0.333333 90.000000 10000.000000 0.698831023394557
0.444444 89.000000 10000.000000 0.69879644404777
0.444444 89.111111 10000.000000 0.698835022903631
0.444444 89.222222 10000.000000 0.698960259684496
0.444444 89.333333 10000.000000 0.698947650949148
0.444444 89.444444 10000.000000 0.698875597061529
0.444444 89.555556 10000.000000 0.698870486767119
0.444444 89.666667 10000.000000 0.69886824136535
0.444444 89.777778 10000.000000 0.698876762716636
0.444444 89.888889 10000.000000 0.698915348045366
0.444444 90.000000 10000.000000 0.698831023394557
0.555556 89.000000 10000.000000 0.698796444047901
0.555556 89.111111 10000.000000 0.698835022903597
0.555556 89.222222 10000.000000 0.698960259684481
0.555556 89.333333 10000.000000 0.698947650949064
0.555556 89.444444 10000.000000 0.698875597061534
0.555556 89.555556 10000.000000 0.698870486767184
0.555556 89.666667 10000.000000 0.698868241365374
0.555556 89.777778 10000.000000 0.698876762716685
0.555556 89.888889 10000.000000 0.698915348045355
0.555556 90.000000 10000.000000 0.698831023394557
0.666667 89.000000 10000.000000 0.698801739487192
0.666667 89.111111 10000.000000 0.698838085915995
0.666667 89.222222 10000.000000 0.698960511906315
0.666667 89.333333 10000.000000 0.698940741202022
0.666667 89.444444 10000.000000 0.698874954802497
0.666667 89.555556 10000.000000 0.698866982802588
0.666667 89.666667 10000.000000 0.698868720707776
0.666667 89.777778 10000.000000 0.698877692002127
0.666667 89.888889 10000.000000 0.698913241886639
0.666667 90.000000 10000.000000 0.698831023394557
0.777778 89.000000 10000.000000 0.698799018316581
0.777778 89.111111 10000.000000 0.698846106165248
0.777778 89.222222 10000.000000 0.698953174173097
0.777778 89.333333 10000.000000 0.698952553029483
0.777778 89.444444 10000.000000 0.698875115946672
0.777778 89.555556 10000.000000 0.698865868482152
0.777778 89.666667 10000.000000 0.698867154292535
0.777778 89.777778 10000.000000 0.69887753986843
0.777778 89.888889 10000.000000 0.698912850400858
0.777778 90.000000 10000.000000 0.698831023394557
0.888889 89.000000 10000.000000 0.698791727150401
0.888889 89.111111 10000.000000 0.698831686989799
0.888889 89.222222 10000.000000 0.698942518602551
0.888889 89.333333 10000.000000 0.698950671133669
0.888889 89.444444 10000.000000 0.698872237004572
0.888889 89.555556 10000.000000 0.698866555889082
0.888889 89.666667 10000.000000 0.698868192614344
0.888889 89.777778 10000.000000 0.698878616361956
0.888889 89.888889 10000.000000 0.698913237741559
0.888889 90.000000 10000.000000 0.698831023394557
1.000000 89.000000 10000.000000 0.698790344517839
1.000000 89.111111 10000.000000 0.69884413655486
1.000000 89.222222 10000.000000 0.698945367133858
1.000000 89.333333 10000.000000 0.698948033211215
1.000000 89.444444 10000.000000 0.698875202516919
1.000000 89.555556 10000.000000 0.698859672224928
1.000000 89.666667 10000.000000 0.698869269953663
1.000000 89.777778 10000.000000 0.698878282634936
1.000000 89.888889 10000.000000 0.698912712804432
1.000000 90.000000 10000.000000 0.698831023394557
